ID	CrownDiam.mmA	ShootMass.gA	RootMass.gA	Sm.Rm
CA001.2.h	4.34	0.571	0.516	1.106589147
CA001.3.c	3.26	0.509	0.357	1.425770308
CA001.3.i	4.35	0.69	0.38	1.815789474
CA001.4.d	4.35	0.644	1.704	0.377934272
CA001.4.e	4.43	0.623	1.069	0.582787652
CA001.6.f	4.95	0.694	0.542	1.280442804
CA001.6.d	4.38	0.663	0.652	1.016871166
CA001.7.g	4.31	0.856	0.623	1.37399679
CA008.4.e	4.28	0.412	0.263	1.566539924
CA008.5.b	3.86	0.527	0.56	0.941071429
CA008.5.d	5.39	0.619	0.585	1.058119658
CA008.5.l	3.73	0.391	0.355	1.101408451
CA008.6.c	2.76	0.333	0.189	1.761904762
CA008.6.e	4.1	0.415	0.273	1.52014652
US001.3.d	4.64	0.508	0.393	1.292620865
US001.14.g	3.31	0.431	0.238	1.81092437
US001.14.m	5.43	0.761	1.353	0.562453806
US001.20.g	3.65	0.602	0.955	0.630366492
US001.22.d	3.92	0.602	0.531	1.133709981
US001.22.g	5.95	0.528	0.533	0.990619137
US001.23.h	4.33	0.667	0.348	1.916666667
US001.23.i	4.5	0.513	0.327	1.568807339
US002.1.f	3.36	0.465	0.274	1.697080292
US002.1.h	4.41	0.718	0.718	1
US002.5.a	5.5	0.507	0.575	0.88173913
US002.5.d	4.57	0.374	0.29	1.289655172
US002.5.e	4.8	0.446	0.417	1.069544365
US002.5.g	6.16	0.711	0.492	1.445121951
US002.22.e	3.65	0.745	0.339	2.197640118
US002.24.j	4.59	0.768	0.996	0.771084337
US003.6.e	2.33	0.16	0.225	0.711111111
US003.6.g	2.12	0.237	0.326	0.726993865
US003.19.f	3.61	0.512	0.614	0.833876221
US003.20.c	2.98	0.438	0.313	1.399361022
US003.20.e	4.98	0.607	0.283	2.144876325
US003.20.h	2.61	0.32	0.241	1.32780083
US003.27.e	3.36	0.364	0.162	2.24691358
US003.28.b	2.7	0.468	0.307	1.524429967
US011.8.j	5.12	0.869	0.308	2.821428571
US011.8.k	1.6	0.085	0.006	14.16666667
US012.28.d	3.22	0.304	0.446	0.68161435
US012.31.i	1.11	0.097	0.021	4.619047619
US014.16.d	3.16	0.514	0.288	1.784722222
US014.16.h	3.24	0.372	0.131	2.839694656
US014.16.l	3.32	0.345	0.114	3.026315789
US014.22.d	2.91	0.343	0.194	1.768041237
US015.3.b	4.01	0.673	0.439	1.533029613
US015.13.e	1.35	0.022	0.002	11
US015.15.b	3.36	0.449	0.254	1.767716535
US015.15.i	3.54	0.199	0.112	1.776785714
US015.17.c	4.1	0.681	0.326	2.088957055
US015.17.d	3.96	0.416	0.218	1.908256881
US015.17.i	2.78	0.29	0.182	1.593406593
US021.3.a	2.89	0.55	0.306	1.797385621
US022.17.e	3.57	0.345	0.214	1.612149533
US022.23.a		0.225		
US022.42.b	4.49	0.587	0.696	0.843390805
US022.42.e	5.94	0.671	0.989	0.678463094
US022.42.f	3.81	0.493	0.282	1.74822695
US023.34.f	4.63	0.808	0.503	1.606361829
BG001.16.c	5.19	0.467	0.515	0.906796117
BG001.17.a	4.2	0.497	0.444	1.119369369
BG001.22.a	4.61	0.345	0.19	1.815789474
BG001.25.c	3.54	0.47	0.219	2.146118721
BG001.25.g	4.05	0.501	0.384	1.3046875
BG001.25.j	4.76	0.537	0.284	1.89084507
BG001.29.j	4.54	0.9	0.316	2.848101266
BG001.29.b	2.94	0.315	0.191	1.64921466
GR001.6.a	1.91	0.094	0.025	3.76
GR001.24.a	3.34	0.207	0.129	1.604651163
GR001.24.g	1.85	0.116	0.026	4.461538462
GR001.26.d	2.56	0.267	0.153	1.745098039
GR001.26.j	1.78	0.193	0.164	1.176829268
GR001.28.e	2.65	0.392	0.116	3.379310345
GR001.28.j	3.73	0.409	0.126	3.246031746
GR002.2.a	4.19	0.489	0.393	1.244274809
GR002.2.e	4.64	0.71	0.653	1.087289433
GR002.2.h	3.05	0.509	0.257	1.980544747
GR002.8.c	6.05	0.399	0.356	1.120786517
GR002.8.d	3.08	0.397	0.174	2.281609195
GR002.8.f	3.69	0.351	0.197	1.781725888
GR002.8.i	3.51	0.27	0.161	1.677018634
GR002.25.f	4.11	0.404	0.231	1.748917749
GR003.3.d	4.31	0.548	0.529	1.035916824
GR003.3.i	3.73	0.381	0.227	1.678414097
GR003.9.d	3.03	0.362	0.209	1.732057416
GR003.9.e	4.27	0.488	0.298	1.637583893
GR003.10.j	3.38	0.274	0.127	2.157480315
GR003.12.f	1.71	0.209	0.142	1.471830986
GR003.12.g	3.27	0.216	0.129	1.674418605
GR003.17.i	3.43	0.39	0.143	2.727272727
HU001.5.b		0.244		
HU001.5.e	1.91	0.21	0.097	2.164948454
HU001.13.g	1.4	0.183	0.143	1.27972028
HU001.14.i	4.16	0.518	0.413	1.254237288
HU001.24.d	3.35	0.46	0.219	2.100456621
HU001.24.g	4.38	0.534	0.346	1.543352601
HU001.28.b	2.78	0.761	0.734	1.036784741
HU001.28.f	3.85	0.594	0.306	1.941176471
RO001.6.i	3.96	0.442	0.289	1.529411765
RO001.12.b	3.57	0.613	0.364	1.684065934
RO001.12.d	4.32	0.602	0.561	1.073083779
RO001.12.i	3.95	0.363	0.195	1.861538462
RO001.13.a	3.56	0.309	0.5	0.618
RO001.13.e	3.33	0.367	0.827	0.443772672
RO001.21.c	3.17	0.237	0.14	1.692857143
RO001.28.d	3.29	0.458	0.158	2.898734177
RO002.12.h	2.42	0.334	0.182	1.835164835
RO002.12.m	2.44	0.199	0.209	0.95215311
RO002.13.c	4.11	0.348	0.139	2.503597122
RO002.15.e	3.53	0.369	0.178	2.073033708
RO002.18.b	3.43	0.228	0.097	2.350515464
RO002.18.g	1.5	0.04	0.023	1.739130435
RO002.18.j	1.58	0.111	0.136	0.816176471
RO002.22.b	4.01	0.355	0.216	1.643518519
RO003.4.f	4.6	0.516	0.405	1.274074074
RO003.4.g	3.89	0.412	0.275	1.498181818
RO003.11.a	2.95	0.253	0.191	1.32460733
RO003.15.b	3.39	0.314	0.158	1.987341772
RO003.15.e	2.59	0.162	0.119	1.361344538
RO003.15.h	2.65	0.41	0.402	1.019900498
RO003.15.k	1.5	0.108	0.072	1.5
RO003.21.h	1.76	0.252	0.101	2.495049505
RO004.3.f	4.16	0.509	0.282	1.804964539
RO004.3.g	3.76	0.581	0.319	1.821316614
RO004.3.i	3.51	0.522	0.402	1.298507463
RO004.12.d	4.29	0.396	0.481	0.823284823
RO004.12.e	3.87	0.319	0.321	0.99376947
RO004.20.a	5.48	0.425	0.219	1.940639269
RO004.20.b	3.65	0.532	0.459	1.159041394
RO004.21.d	4.72	0.616	0.492	1.25203252
RO005.15.a	3.24	0.247	0.107	2.308411215
RO005.17.h	4.19	0.401	0.223	1.798206278
RO005.17.j	2.85	0.292	0.15	1.946666667
RO005.23.a	3.56	0.222	0.376	0.590425532
RO005.23.b	3.75	0.554	0.287	1.930313589
RO005.23.f	3.05		0.079	
RO005.25.a	2.73	0.208	0.175	1.188571429
RO005.25.e	2.88	0.174	0.11	1.581818182
RU001.2.f	4.46	0.763	0.707	1.079207921
RU001.2.h	3.18	0.647	0.395	1.637974684
RU001.6.g	3.67	0.59	0.35	1.685714286
RU001.7.d	3.34	0.312	0.238	1.31092437
RU001.7.e	3.71	0.396	0.41	0.965853659
RU001.9.a	4.24	0.5	0.375	1.333333333
RU001.10.d	2.69	0.198	0.26	0.761538462
RU002.5.a	1.5	0.236	0.152	1.552631579
RU003.1.b	2.91	0.559	0.215	2.6
RU003.3.a	3.96	0.304	0.357	0.851540616
RU003.7.c	3.91	0.453	0.311	1.45659164
RU004.5.d	2.2	0.172	0.052	3.307692308
RU004.7.b	6.51	0.667	0.202	3.301980198
RU005.5.d	3.82	0.444	1.074	0.413407821
RU005.5.e	4.28	0.554	0.657	0.843226788
RU005.5.g	5.26	0.604	0.765	0.789542484
RU005.6.g	4.48	0.479	0.747	0.641231593
RU005.7.a	2.84	0.558	0.405	1.377777778
RU008.16.d	3.38	0.624	0.194	3.216494845
RU008.16.j	3.54	0.417	0.285	1.463157895
RU008.17.b	3.74	0.521	0.271	1.922509225
RU008.17.e	3.14	0.402	0.295	1.362711864
RU008.17.f	3.36	0.349	1.279	0.272869429
RU008.17.j	2.84	0.294	0.223	1.31838565
RU008.19.e	4.55	0.565	0.95	0.594736842
RU008.21.j	2.88	0.409	0.279	1.465949821
TR001.1.i	4.22	0.454	0.413	1.099273608
TR001.12.b	5.64	0.628	1.224	0.513071895
TR001.19.d	3.35	0.272	0.574	0.473867596
TR001.19.e	2.55	0.336	0.116	2.896551724
TR001.19.j	3.99	0.512	0.119	4.302521008
TR001.24.a	3.25	0.235	0.214	1.098130841
TR001.24.e	2.26	0.297	0.182	1.631868132
TR001.24.n	2.49	0.167	0.103	1.621359223
TR003.2.c	2.82	0.12	0.086	1.395348837
TR003.2.d	2.49	0.203	0.182	1.115384615
TR003.14.f	2.55	0.228	0.158	1.443037975
TR003.14.i	1.07	0.082	0.018	4.555555556
TR003.24.h	1.06	0.081	0.004	20.25
TR003.24.j	1.21	0.059	0.042	1.404761905
TR004.8.d	2.58	0.24	0.071	3.38028169
TR004.14.b	3.47	0.389	0.195	1.994871795
TR004.14.c	3.66	0.408	0.641	0.63650546
TR004.18.f	2.52	0.331	0.14	2.364285714
TR004.18.h	2.59	0.391	0.246	1.589430894
TR004.18.j	3.01	0.28	0.39	0.717948718
TR005.18.b	2.95	0.186	0.074	2.513513514
TR005.18.m	2.26	0.329	0.119	2.764705882
UA001.18.a	3.84	0.615	0.941	0.653560043
UA001.18.c	2.96	0.301	0.324	0.929012346
UA001.22.f	1.93	0.207	0.133	1.556390977
UA001.25.e	3.93	0.609	0.738	0.825203252
UA002.18.a	2.8	0.311	0.153	2.032679739
UA002.18.g	4.72	0.711	0.333	2.135135135
UA003.6.c	4.1	0.744	0.304	2.447368421
UA003.8.b	1.95	0.105	0.093	1.129032258
UA003.8.e	2.04	0.112	0.051	2.196078431
UA003.11A.e	4.11	0.717	0.908	0.789647577
UA003.11A.j	3.98	0.524	0.483	1.084886128
UA003.7A.h	3.45	0.568	0.348	1.632183908
UA003.9A.e	5.24	0.503	0.457	1.100656455
UA003.9A.i	3.76	0.497	0.294	1.69047619
UA004.5.g	4.2	0.76	0.414	1.835748792
UA004.7.d	4.16	0.741	0.452	1.639380531
UA004.15.e	4.03	0.673	1.049	0.641563394
UA004.18.a	4.92	0.457	0.391	1.168797954
UA004.18.f	4.28	0.662	0.514	1.287937743
UA004.18.j	3.27	0.585	0.432	1.354166667
UA004.27.i	3.91	0.571	0.456	1.252192982
UA005.3.d	2.07	0.249	0.114	2.184210526
UA005.15.b	2.18	0.338	0.274	1.233576642
UA005.15.d	1.79	0.133	0.105	1.266666667
UA005.18.a	4.35	0.778	0.885	0.879096045
UA006.10.g	1.65	0.152	0.115	1.32173913
UA008.13.b	2.35	0.218	0.186	1.172043011
