MomID	PopID	Mom	Origin	SeedWt	GermAvgDate	GermCount	GermPercent	CollYear	SeedAgeYrs	ComboSeedWt	SeedCount																										
BG001.22	BG001	22	nat	1.294666667	3.20	15	100	2008	1	19.42	15																										
BG001.17	BG001	17	nat	1.088588235	3.00	15	88	2008	1	18.506	17																										
BG001.29	BG001	29	nat	1.258466667	3.07	14	93	2008	1	18.877	15																										
BG001.16	BG001	16	nat	0.823333333	3.07	14	93	2008	1	12.35	15																										
BG001.25	BG001	25	nat	0.794266667	3.00	14	93	2008	1	11.914	15																										
CA001.2	CA001	2	inv	1.375933333	3.14	14	93	2008	1	20.639	15																										
CA001.4	CA001	4	inv	1.644933333	3.33	15	100	2008	1	24.674	15																										
CA001.6	CA001	6	inv	1.463133333	4.29	14	93	2008	1	21.947	15																										
CA001.7	CA001	7	inv	1.452066667	3.43	14	93	2008	1	21.781	15																										
CA001.3	CA001	3	inv	1.2098	3.33	15	100	2008	1	18.147	15																										
CA007.3	CA007	3	inv	2.300333333	3.33	3	100	2008	1	6.901	3																										
CA007.6	CA007	6	inv	0.85825		0	0	2008	1	3.433	4																										
CA007.1	CA007	1	inv	0.925333333	3.00	1	33	2008	1	2.776	3																										
CA007.2	CA007	2	inv	1.146666667	3.00	5	83	2008	1	6.88	6																										
CA007.4	CA007	4	inv	1.1215	3.00	3	75	2008	1	4.486	4																										
CA007.5	CA007	5	inv	0.985857143	3.00	1	14	2008	1	6.901	7																										
CA008.4	CA008	4	inv	1.062	3.36	14	93	2008	1	15.93	15																										
CA008.5	CA008	5	inv	1.703133333	3.86	14	93	2008	1	25.547	15																										
CA008.6	CA008	6	inv	0.7944	4.33	9	60	2008	1	11.916	15																										
CA008.2	CA008	2	inv	0.872444444	3.67	6	67	2008	1	7.852	9																										
CA008.1	CA008	1	inv	0.800714286	6.00	2	29	2008	1	5.605	7																										
GR001.26	GR001	26	nat	0.778733333	3.93	15	100	2008	1	11.681	15																										
GR001.28	GR001	28	nat	0.849266667	3.07	14	93	2008	1	12.739	15																										
GR001.14	GR001	14	nat	1.006133333	3.27	15	100	2008	1	15.092	15																										
GR001.24	GR001	24	nat	0.780933333	4.00	7	47	2008	1	11.714	15																										
GR001.6	GR001	6	nat	0.7006	4.86	7	47	2008	1	10.509	15																										
GR002.17	GR002	17	nat	0.895666667	3.17	6	40	2008	1	13.435	15																										
GR002.25	GR002	25	nat	1.0792	3.23	13	87	2008	1	16.188	15																										
GR002.2	GR002	2	nat	0.8696	3.77	13	87	2008	1	13.044	15																										
GR002.8	GR002	8	nat	0.834333333	3.55	11	73	2008	1	12.515	15																										
GR002.13	GR002	13	nat	0.781933333	3.87	15	100	2008	1	11.729	15																										
GR003.9	GR003	9	nat	0.7354	3.67	12	80	2008	1	11.031	15																										
GR003.12	GR003	12	nat	0.585666667	3.60	15	100	2008	1	8.785	15																										
GR003.10	GR003	10	nat	0.842466667	3.13	15	100	2008	1	12.637	15																										
GR003.3	GR003	3	nat	1.174133333	4.36	14	93	2008	1	17.612	15																										
GR003.17	GR003	17	nat	1.212066667	4.58	12	80	2008	1	18.181	15																										
HU001.13	HU001	13	nat	1.102	3.23	13	87	2008	1	16.53	15																										
HU001.14	HU001	14	nat	0.719533333	3.38	13	87	2008	1	10.793	15																										
HU001.24	HU001	24	nat	1.163	3.60	15	100	2008	1	17.445	15																										
HU001.28	HU001	28	nat	1.0814	3.08	13	87	2008	1	16.221	15																										
HU001.5	HU001	5	nat	1.1152	3.36	14	93	2008	1	16.728	15																										
RO001.28	RO001	28	nat	0.671466667	3.38	8	53	2008	1	10.072	15																										
RO001.6	RO001	6	nat	1.142733333	3.73	15	100	2008	1	17.141	15																										
RO001.21	RO001	21	nat	0.772333333	5.14	14	93	2008	1	11.585	15																										
RO001.12	RO001	12	nat	0.760333333	3.85	13	87	2008	1	11.405	15																										
RO001.13	RO001	13	nat	1.091866667	5.67	15	100	2008	1	16.378	15																										
RO002.13	RO002	13	nat	0.9448	3.40	15	100	2005	4	14.172	15																										
RO002.15	RO002	15	nat	0.775933333	3.00	15	100	2005	4	11.639	15																										
RO002.12	RO002	12	nat	0.8974	3.00	15	100	2005	4	13.461	15																										
RO002.22	RO002	22	nat	0.728466667	3.31	13	87	2005	4	10.927	15																										
RO002.18	RO002	18	nat	0.6476	5.31	13	87	2005	4	9.714	15																										
RO003.21	RO003	21	nat	0.8478	3.93	14	93	2005	4	12.717	15																										
RO003.11	RO003	11	nat	0.877333333	3.46	13	87	2005	4	13.16	15																										
RO003.15	RO003	15	nat	0.671733333	3.67	12	80	2005	4	10.076	15																										
RO003.4	RO003	4	nat	1.211466667	3.08	12	80	2005	4	18.172	15																										
RO003.9	RO003	9	nat	1.020266667	3.29	14	93	2005	4	15.304	15																										
RO004.12	RO004	12	nat	1.018133333	3.08	13	87	2005	4	15.272	15																										
RO004.3	RO004	3	nat	1.029933333	3.08	13	87	2005	4	15.449	15																										
RO004.21	RO004	21	nat	1.0352	3.00	13	87	2005	4	15.528	15																										
RO004.20	RO004	20	nat	0.895333333	3.45	11	73	2005	4	13.43	15																										
RO004.13	RO004	13	nat	1.0412	3.43	14	93	2005	4	15.618	15																										
RO005.15	RO005	15	nat	0.6148	3.30	10	67	2005	4	9.222	15																										
RO005.25	RO005	25	nat	0.863066667	3.15	13	87	2005	4	12.946	15																										
RO005.23	RO005	23	nat	0.723066667	3.47	15	100	2005	4	10.846	15																										
RO005.17	RO005	17	nat	0.819866667	3.20	15	100	2005	4	12.298	15																										
RO005.14	RO005	14	nat	0.746	3.00	11	73	2005	4	11.19	15																										
RU001.7	RU001	7	nat	0.966933333	3.67	12	80	2006	3	14.504	15																										
RU001.2	RU001	2	nat	1.443733333	3.23	13	87	2006	3	21.656	15																										
RU001.6	RU001	6	nat	1.206733333	3.36	11	73	2006	3	18.101	15																										
RU001.10	RU001	10	nat	0.9482	3.80	10	67	2006	3	14.223	15																										
RU001.9	RU001	9	nat	0.605466667	4.00	6	40	2006	3	9.082	15																										
RU002.6	RU002	6	nat	1.284	4.20	5	167	2006	3	3.852	3																										
RU002.2	RU002	2	nat	1.256833333	4.40	5	83	2006	3	7.541	6																										
RU002.3	RU002	3	nat	0.81225		0	0	2006	3	3.249	4																										
RU002.5	RU002	5	nat	1.243333333	3.25	4	67	2006	3	7.46	6																										
RU002.4	RU002	4	nat	0.8145		0	0	2006	3	1.629	2																										
RU002.1	RU002	1	nat	1.840166667	3.80	5	83	2006	3	11.041	6																										
RU003.1	RU003	1	nat	1.547625	3.83	6	75	2006	3	12.381	8																										
RU003.5	RU003	5	nat	1.0755		0	0	2006	3	6.453	6																										
RU003.4	RU003	4	nat	1.444166667	4.00	5	83	2006	3	8.665	6																										
RU003.7	RU003	7	nat	1.580166667	3.33	6	100	2006	3	9.481	6																										
RU003.3	RU003	3	nat	1.438666667	3.00	5	83	2006	3	8.632	6																										
RU004.6	RU004	6	nat	1.7885	3.75	4	100	2006	3	7.154	4																										
RU004.9	RU004	9	nat	1.07375	5.00	1	25	2006	3	4.295	4																										
RU004.7	RU004	7	nat	1.5675	3.50	6	100	2006	3	9.405	6																										
RU004.8	RU004	8	nat	1.37325	3.33	3	75	2006	3	5.493	4																										
RU004.5	RU004	5	nat	1.26	5.00	3	75	2006	3	5.04	4																										
RU004.10	RU004	10	nat	1.2482	8.50	4	80	2006	3	6.241	5																										
RU005.3	RU005	3	nat	1.1658	3.00	3	60	2006	3	5.829	5																										
RU005.11	RU005	11	nat	1.271666667	3.00	5	83	2006	3	7.63	6																										
RU005.7	RU005	7	nat	1.061857143	3.50	6	86	2006	3	7.433	7																										
RU005.5	RU005	5	nat	1.6105	3.38	8	100	2006	3	12.884	8																										
RU005.6	RU005	6	nat	1.729875	4.13	8	100	2006	3	13.839	8																										
RU006.7	RU006	7	nat	1.000666667	3.00	14	93	2006	3	15.01	15																										
RU006.15	RU006	15	nat	0.825866667	10.00	1	7	2006	3	12.388	15																										
RU006.4	RU006	4	nat	0.693266667		0	0	2006	3	10.399	15																										
RU006.13	RU006	13	nat	0.671466667	7.00	1	7	2006	3	10.072	15																										
RU006.17	RU006	17	nat	0.8468	3.50	2	13	2006	3	12.702	15																										
RU007.19	RU007	19	nat	0.629066667	7.33	3	20	2002	7	9.436	15																										
RU007.6	RU007	6	nat	1.0526	3.50	12	80	2002	7	15.789	15																										
RU007.23	RU007	23	nat	0.896133333	6.00	3	20	2002	7	13.442	15																										
RU007.20	RU007	20	nat	0.743	4.11	9	60	2002	7	11.145	15																										
RU007.16	RU007	16	nat	0.955266667	6.57	7	47	2002	7	14.329	15																										
RU008.16	RU008	16	nat	0.892266667	3.33	15	100	2006	3	13.384	15																										
RU008.17	RU008	17	nat	1.223266667	3.36	14	93	2006	3	18.349	15																										
RU008.21	RU008	21	nat	1.034933333	3.29	14	93	2006	3	15.524	15																										
RU008.19	RU008	19	nat	0.9062	3.38	13	87	2006	3	13.593	15																										
RU008.18	RU008	18	nat	1.227133333	3.20	15	100	2006	3	18.407	15																										
TR001.24	TR001	24	nat	0.975133333	5.27	15	100	2008	1	14.627	15																										
TR001.12	TR001	12	nat	1.044466667	3.40	15	100	2008	1	15.667	15																										
TR001.10	TR001	10	nat	1.077066667	3.00	14	93	2008	1	16.156	15																										
TR001.19	TR001	19	nat	1.0426875	5.00	14	88	2008	1	16.683	16																										
TR001.1	TR001	1	nat	0.9884	3.36	11	73	2008	1	14.826	15																										
TR003.6	TR003	6	nat	2.267466667	3.00	10	67	2002	7	34.012	15																										
TR003.15	TR003	15	nat	2.118866667	5.83	12	80	2002	7	31.783	15																										
TR003.2	TR003	2	nat	2.009933333	5.09	11	73	2002	7	30.149	15																										
TR003.14	TR003	14	nat	2.8678	4.54	13	87	2002	7	43.017	15																										
TR003.24	TR003	24	nat	2.425666667	3.43	14	93	2002	7	36.385	15																										
TR004.18	TR004	18	nat	3.081666667	3.69	13	87	2002	7	46.225	15																										
TR004.27	TR004	27	nat	2.810066667	4.75	8	53	2002	7	42.151	15																										
TR004.8	TR004	8	nat	3.532866667	5.10	10	67	2002	7	52.993	15																										
TR004.14	TR004	14	nat	2.875066667	3.46	13	87	2002	7	43.126	15																										
TR004.2	TR004	2	nat	1.766066667	7.33	3	20	2002	7	26.491	15																										
TR005.24	TR005	24	nat	1.7212		0	0	2002	7	25.818	15																										
TR005.14	TR005	14	nat	1.558066667	3.00	1	7	2002	7	23.371	15																										
TR005.9	TR005	9	nat	2.2758	5.33	9	60	2002	7	34.137	15																										
TR005.18	TR005	18	nat	3.4166	3.20	15	100	2002	7	51.249	15																										
TR005.20	TR005	20	nat	2.5178	4.25	12	80	2002	7	37.767	15																										
UA001.25	UA001	25	nat	1.327866667	3.55	11	73	2006	3	19.918	15																										
UA001.11	UA001	11	nat	1.040733333	3.00	8	53	2006	3	15.611	15																										
UA001.22	UA001	22	nat	0.848333333	3.29	7	47	2006	3	12.725	15																										
UA001.18	UA001	18	nat	0.8096	4.00	7	47	2006	3	12.144	15																										
UA001.19	UA001	19	nat	0.684533333	5.00	1	7	2006	3	10.268	15																										
UA002.14	UA002	14	nat	0.859266667	3.20	5	33	2006	3	12.889	15																										
UA002.15	UA002	15	nat	1.1018	3.18	11	73	2006	3	16.527	15																										
UA002.13	UA002	13	nat	0.774333333	3.40	5	33	2006	3	11.615	15																										
UA002.7	UA002	7	nat	0.384733333		0	0	2006	3	5.771	15																										
UA002.18	UA002	18	nat	0.8308	3.14	7	47	2006	3	12.462	15																										
UA003.7A	UA003	7A	nat	2.561533333	6.00	15	100	2006	3	38.423	15																										
UA003.6	UA003	6	nat	1.426733333	4.29	14	93	2006	3	21.401	15																										
UA003.9A	UA003	9A	nat	1.7046	3.83	12	80	2006	3	25.569	15																										
UA003.8	UA003	8	nat	1.434066667	3.92	12	80	2006	3	21.511	15																										
UA003.11A	UA003	11A	nat	1.5922	3.75	12	80	2006	3	23.883	15																										
UA004.7	UA004	7	nat	1.356733333	3.00	8	53	2006	3	20.351	15																										
UA004.15	UA004	15	nat	1.353266667	3.77	13	87	2006	3	20.299	15																										
UA004.18	UA004	18	nat	1.2116	3.00	14	93	2006	3	18.174	15																										
UA004.27	UA004	27	nat	1.311933333	4.27	15	100	2006	3	19.679	15																										
UA004.5	UA004	5	nat	1.343933333	3.60	15	100	2006	3	20.159	15																										
UA005.3	UA005	3	nat	0.986733333	3.00	5	33	2006	3	14.801	15																										
UA005.13	UA005	13	nat	0.937933333	3.00	2	13	2006	3	14.069	15																										
UA005.15	UA005	15	nat	1.116933333	3.33	6	40	2006	3	16.754	15																										
UA005.7	UA005	7	nat	1.033266667	3.30	10	67	2006	3	15.499	15																										
UA005.18	UA005	18	nat	1.189933333	3.00	12	80	2006	3	17.849	15																										
UA006.10	UA006	10	nat	1.1126	6.00	12	80	2002	7	16.689	15																										
UA006.18	UA006	18	nat	0.9058	6.57	14	93	2002	7	13.587	15																										
UA006.24	UA006	24	nat	0.9258	4.00	13	87	2002	7	13.887	15																										
UA006.14	UA006	14	nat	1.068133333	5.77	13	87	2002	7	16.022	15																										
UA006.22	UA006	22	nat	0.9266	6.23	13	87	2002	7	13.899	15																										
UA007.24	UA007	24	nat	1.199933333	5.09	11	73	2001	8	17.999	15																										
UA007.19	UA007	19	nat	1.2718	4.08	12	80	2001	8	19.077	15																										
UA007.17	UA007	17	nat	0.943133333	5.25	12	80	2001	8	14.147	15																										
UA007.28	UA007	28	nat	1.009928571	6.33	9	64	2001	8	14.139	14																										
UA007.20	UA007	20	nat	1.1874	3.71	14	93	2001	8	17.811	15																										
UA008.25	UA008	25	nat	1.033266667	5.67	12	80	2001	8	15.499	15																										
UA008.2	UA008	2	nat	0.979533333	5.18	11	73	2001	8	14.693	15																										
UA008.24	UA008	24	nat	0.848466667	5.27	11	73	2001	8	12.727	15																										
UA008.13	UA008	13	nat	0.9014	3.77	13	87	2001	8	13.521	15																										
UA008.18	UA008	18	nat	1.325666667	3.53	15	100	2001	8	19.885	15																										
US001.23	US001	23	inv	1.1522	3.07	15	100	2008	1	17.283	15																										
US001.14	US001	14	inv	0.9968	3.07	15	100	2008	1	14.952	15																										
US001.22	US001	22	inv	1.126466667	3.13	15	100	2008	1	16.897	15																										
US001.20	US001	20	inv	1.371466667	3.29	14	93	2008	1	20.572	15																										
US001.3	US001	3	inv	1.075	3.18	11	73	2008	1	16.125	15																										
US002.1	US002	1	inv	1.094533333	3.00	14	93	2008	1	16.418	15																										
US002.22	US002	22	inv	0.925866667	3.13	15	100	2008	1	13.888	15																										
US002.24	US002	24	inv	1.044	3.36	11	73	2008	1	15.66	15																										
US002.17	US002	17	inv	1.177933333	3.15	13	87	2008	1	17.669	15																										
US002.5	US002	5	inv	1.1686	3.07	14	93	2008	1	17.529	15																										
US003.19	US003	19	inv	0.922571429	3.23	13	93	2008	1	12.916	14																										
US003.27	US003	27	inv	0.990533333	3.36	14	93	2008	1	14.858	15																										
US003.20	US003	20	inv	1.018533333	3.33	15	100	2008	1	15.278	15																										
US003.28	US003	28	inv	0.924857143	3.07	14	100	2008	1	12.948	14																										
US003.6	US003	6	inv	0.915785714	3.00	13	93	2008	1	12.821	14																										
US006.3	US006	3	inv	0.656066667		0	0	2005	4	9.841	15																										
US006.2	US006	2	inv	0.5078		0	0	2005	4	5.078	10																										
US006.4	US006	4	inv	0.8102	10.50	2	13	2005	4	12.153	15																										
US006.1	US006	1	inv	0.685466667		0	0	2005	4	10.282	15																										
US007.26	US007	26	inv	1.286111111	5.00	2	22	2005	4	11.575	9																										
US007.13	US007	13	inv	1.5578	3.33	3	60	2005	4	7.789	5																										
US007.9	US007	9	inv	0.373181818		0	0	2005	4	4.105	11																										
US007.20	US007	20	inv	1.4642	3.00	1	20	2005	4	7.321	5																										
US007.22	US007	22	inv	0.226333333		0	0	2005	4	3.395	15																										
US008.1	US008	1	inv	1.9064		0	0	2005	4	9.532	5																										
US008.3	US008	3	inv	0.43	5.00	1	8	2005	4	5.16	12																										
US008.11	US008	11	inv	1.772		0	0	2005	4	8.86	5																										
US008.7	US008	7	inv	0.492857143		0	0	2005	4	3.45	7																										
US008.2	US008	2	inv	0.383571429		0	0	2005	4	5.37	14																										
US009.12	US009	12	inv	0.562466667		0	0	2005	4	8.437	15																										
US009.5	US009	5	inv	2.306142857		0	0	2005	4	16.143	7																										
US009.11	US009	11	inv	0.658625		0	0	2005	4	5.269	8																										
US009.7	US009	7	inv	0.744142857		0	0	2005	4	5.209	7																										
US009.8	US009	8	inv	0.314666667		0	0	2005	4	4.72	15																										
US010.9	US010	9	inv	0.669066667		0	0	2005	4	10.036	15																										
US010.1	US010	1	inv	0.5808		0	0	2005	4	8.712	15																										
US010.6	US010	6	inv	0.667571429		0	0	2005	4	9.346	14																										
US010.5	US010	5	inv	0.5196		0	0	2005	4	7.794	15																										
US010.2	US010	2	inv	0.608933333		0	0	2005	4	9.134	15																										
US011.12	US011	12	inv	0.783066667	6.60	5	33	2005	4	11.746	15																										
US011.7	US011	7	inv	0.799733333	7.00	1	7	2005	4	11.996	15																										
US011.13	US011	13	inv	0.810133333	9.00	5	33	2005	4	12.152	15																										
US011.1	US011	1	inv	0.7926		0	0	2005	4	11.889	15																										
US011.8	US011	8	inv	0.9402	3.00	12	80	2005	4	14.103	15																										
US012.35	US012	35	inv	0.987866667	4.29	14	93	2001	8	14.818	15																										
US012.29	US012	29	inv	0.848266667	3.80	10	67	2001	8	12.724	15																										
US012.31	US012	31	inv	1.01	3.33	12	80	2001	8	15.15	15																										
US012.28	US012	28	inv	0.848733333	5.70	10	67	2001	8	12.731	15																										
US012.22	US012	22	inv	0.734	6.00	1	7	2001	8	11.01	15																										
US013.23	US013	23	inv	1.009333333	4.80	10	67	2002	7	15.14	15																										
US013.25	US013	25	inv	1.0964	6.40	5	33	2002	7	16.446	15																										
US013.2	US013	2	inv	1.0728	5.45	11	73	2002	7	16.092	15																										
US013.14	US013	14	inv	1.0214	3.67	6	40	2002	7	15.321	15																										
US013.4	US013	4	inv	1.0214	3.93	15	100	2002	7	15.321	15																										
US014.22	US014	22	inv	0.817333333	5.00	11	73	2002	7	12.26	15																										
US014.17	US014	17	inv	1.401733333	3.36	11	73	2002	7	21.026	15																										
US014.20	US014	20	inv	1.039	3.00	2	13	2002	7	15.585	15																										
US014.4	US014	4	inv	1.9998	6.13	8	53	2002	7	29.997	15																										
US014.16	US014	16	inv	1.335133333	3.67	15	100	2002	7	20.027	15																										
US015.2	US015	2	inv	1.238066667	4.08	13	87	2002	7	18.571	15																										
US015.15	US015	15	inv	1.197933333	4.21	14	93	2002	7	17.969	15																										
US015.17	US015	17	inv	1.129533333	3.79	14	93	2002	7	16.943	15																										
US015.13	US015	13	inv	1.134	4.53	15	100	2002	7	17.01	15																										
US015.3	US015	3	inv	1.387666667	3.14	14	93	2002	7	20.815	15																										
US016.3	US016	3	inv	0.436		0	0	2002	7	1.308	3																										
US016.8	US016	8	inv	0.092625		0	0	2002	7	0.741	8																										
US016.4	US016	4	inv	0.338		0	0	2002	7	1.352	4																										
US016.5	US016	5	inv	0.3656	7.00	1	20	2002	7	1.828	5																										
US016.6	US016	6	inv	0.795333333		0	0	2002	7	4.772	6																										
US016.9	US016	9	inv	1.269	6.00	1	100	2002	7	1.269	1																										
US016.2	US016	2	inv	1.379666667		0	0	2002	7	4.139	3																										
US017.36	US017	36	inv	0.898533333	5.22	9	60	2002	7	13.478	15																										
US017.9	US017	9	inv	1.297785714	6.75	12	86	2002	7	18.169	14																										
US017.4	US017	4	inv	1.530933333	7.67	6	40	2002	7	22.964	15																										
US017.15	US017	15	inv	1.154666667	7.64	14	93	2002	7	17.32	15																										
US017.12	US017	12	inv	0.863333333	6.57	7	47	2002	7	12.95	15																										
US018.31	US018	31	inv	1.161666667	5.08	13	87	2002	7	17.425	15																										
US018.16	US018	16	inv	1.054266667	5.67	6	40	2002	7	15.814	15																										
US018.11	US018	11	inv	1.095133333	5.58	12	80	2002	7	16.427	15																										
US018.17	US018	17	inv	0.921066667		0	0	2002	7	13.816	15																										
US018.5	US018	5	inv	1.441266667	3.67	12	80	2002	7	21.619	15																										
US019.6	US019	6	inv	1.2774	7.78	9	60	2002	7	19.161	15																										
US019.5	US019	5	inv	1.121466667	4.86	14	93	2002	7	16.822	15																										
US019.2	US019	2	inv	0.9056	9.00	7	47	2002	7	13.584	15																										
US019.14	US019	14	inv	0.996933333	7.86	7	47	2002	7	14.954	15																										
US019.11	US019	11	inv	1.116066667	7.50	4	27	2002	7	16.741	15																										
US020.27	US020	27	inv	1.511533333	6.20	10	67	2002	7	22.673	15																										
US020.42	US020	42	inv	1.292866667	4.47	15	100	2002	7	19.393	15																										
US020.12	US020	12	inv	1.109933333	4.64	14	93	2002	7	16.649	15																										
US020.4	US020	4	inv	0.805666667	4.67	15	100	2002	7	12.085	15																										
US020.24	US020	24	inv	1.5248	3.69	13	87	2002	7	22.872	15																										
US021.10	US021	10	inv	0.942466667	3.67	3	20	2002	7	14.137	15																										
US021.8	US021	8	inv	1.418066667	5.00	2	13	2002	7	21.271	15																										
US021.5	US021	5	inv	1.3588	8.75	4	27	2002	7	20.382	15																										
US021.3	US021	3	inv	1.5306	5.40	10	67	2002	7	22.959	15																										
US021.1	US021	1	inv	1.196133333	11.80	5	33	2002	7	17.942	15																										
US022.42	US022	42	inv	1.179	3.09	11	73	2002	7	17.685	15																										
US022.17	US022	17	inv	1.363933333	4.08	13	87	2002	7	20.459	15																										
US022.41	US022	41	inv	1.452733333	5.00	8	53	2002	7	21.791	15																										
US022.23	US022	23	inv	1.197866667	3.64	14	93	2002	7	17.968	15																										
US022.31	US022	31	inv	1.302066667	5.31	13	87	2002	7	19.531	15																										
US023.26	US023	26	inv	1.4106	6.00	7	47	2002	7	21.159	15																										
US023.41	US023	41	inv	1.753266667	3.60	15	100	2002	7	26.299	15																										
US023.12	US023	12	inv	1.375466667	5.14	14	93	2002	7	20.632	15																										
US023.45	US023	45	inv	1.243266667	4.80	15	100	2002	7	18.649	15																										
US023.34	US023	34	inv	1.536066667	5.13	15	100	2002	7	23.041	15																										
US024.3	US024	3	inv	0.373		0	0	2003	6	1.119	3																										
US024.1	US024	1	inv	0.935333333	3.00	3	50	2003	6	5.612	6																										
US024.2	US024	2	inv	0.999		0	0	2003	6	0.999	1																										
US025.16	US025	16	inv	1.214533333	5.18	11	73	2002	7	18.218	15																										
US025.2	US025	2	inv	1.653	7.67	12	80	2002	7	24.795	15																										
US025.22	US025	22	inv	0.965133333		0	0	2002	7	14.477	15																										
US025.27	US025	27	inv	1.7842	5.23	13	87	2002	7	26.763	15																										
US025.17	US025	17	inv	1.021		0	0	2002	7	15.315	15																										
US026.3	US026	3	inv	1.319666667	6.90	10	67	2002	7	19.795	15																										
US026.23	US026	23	inv	1.4828	4.27	11	73	2002	7	22.242	15																										
US026.35	US026	35	inv	1.302533333	4.25	12	80	2002	7	19.538	15																										
US026.24	US026	24	inv	1.502533333	4.50	12	80	2002	7	22.538	15																										
US026.15	US026	15	inv	1.328266667	4.08	12	80	2002	7	19.924	15																										
