ID	Rack	Pos	PopID	Mom	Indiv	Origin	LfCount1	LfLgth1	LfWdth1	CrownDiam.mmA	ShootMass.gA	RootMass.gA	Sm.Rm	LfCount1.sq	LfLgth1.log	LfWdth1.log	CrownA.log	ShootA.log	RootA.log
BG001.16.c	BG001.16.c	15	5	BG001	16	c	nat	16	10.2	2.7	5.19	0.467	0.515	0.906796117	4	2.32238772029023	0.993251773010283	1.6467336971778	-0.76142602131324	-0.663588378318401
BG001.17.a	BG001.17.a	21	31	BG001	17	a	nat	11	12.9	3.1	4.2	0.497	0.444	1.119369369	3.3166247903554	2.55722731136763	1.1314021114911	1.43508452528932	-0.699165252885508	-0.811930716549912
BG001.22.a	BG001.22.a	28	49	BG001	22	a	nat	12	9.1	2.9	4.61	0.345	0.19	1.815789474	3.46410161513775	2.2082744135228	1.06471073699243	1.52822785700856	-1.06421086195078	-1.66073120682165
BG001.25.c	BG001.25.c	31	5	BG001	25	c	nat	12	15.9	2.1	3.54	0.47	0.219	2.146118721	3.46410161513775	2.76631910922619	0.741937344729377	1.26412672714568	-0.755022584278033	-1.51868354916564
BG001.25.g	BG001.25.g	32	16	BG001	25	g	nat	13	13.9	4.1	4.05	0.501	0.384	1.3046875	3.60555127546399	2.63188884013665	1.41098697371026	1.39871688111845	-0.691149177897272	-0.95711272639441
BG001.25.j	BG001.25.j	22	50	BG001	25	j	nat	13	12.1	3.2	4.76	0.537	0.284	1.89084507	3.60555127546399	2.4932054526027	1.16315080980568	1.56024766824333	-0.621757184473272	-1.25878104082093
BG001.29.b	BG001.29.b	42	21	BG001	29	b	nat	9	13.6	3.1	2.94	0.315	0.191	1.64921466	3	2.61006979274201	1.1314021114911	1.07840958135059	-1.1551826401565	-1.65548185093551
BG001.29.j	BG001.29.j	8	37	BG001	29	j	nat	11	17.8	3.7	4.54	0.9	0.316	2.848101266	3.3166247903554	2.87919845729804	1.30833281965018	1.51292701205326	-0.105360515657826	-1.15201306539522
CA001.2.h	CA001.2.h	15	46	CA001	2	h	inv	11	10.4	2.8	4.34	0.571	0.516	1.106589147	3.3166247903554	2.34180580614733	1.02961941718116	1.46787434811231	-0.560366069326127	-0.661648513500574
CA001.3.c	CA001.3.c	21	46	CA001	3	c	inv	8	13.3	4.2	3.26	0.509	0.357	1.425770308	2.82842712474619	2.58776403522771	1.43508452528932	1.18172719537862	-0.675307262431614	-1.0300194972025
CA001.3.i	CA001.3.i	31	25	CA001	3	i	inv	12	17.6	4.5	4.35	0.69	0.38	1.815789474	3.46410161513775	2.86789890204411	1.50407739677627	1.47017584510059	-0.371063681390832	-0.967584026261706
CA001.4.d	CA001.4.d	32	2	CA001	4	d	inv	14	15.5	3.7	4.35	0.644	1.704	0.377934272	3.74165738677394	2.7408400239252	1.30833281965018	1.47017584510059	-0.440056552877783	0.532978428407124
CA001.4.e	CA001.4.e	42	20	CA001	4	e	inv	14	12	2.9	4.43	0.623	1.069	0.582787652	3.74165738677394	2.484906649788	1.06471073699243	1.48839958405704	-0.473208760194684	0.0667236320429081
CA001.6.d	CA001.6.d	22	17	CA001	6	d	inv	10	15.5	5.7	4.38	0.663	0.652	1.016871166	3.16227766016838	2.7408400239252	1.7404661748405	1.47704872438835	-0.410980288796275	-0.427710717055484
CA001.6.f	CA001.6.f	8	27	CA001	6	f	inv	11	13.6	4.2	4.95	0.694	0.542	1.280442804	3.3166247903554	2.61006979274201	1.43508452528932	1.5993875765806	-0.365283318475333	-0.612489277542491
CA001.7.g	CA001.7.g	28	6	CA001	7	g	inv	12	15.9	4.8	4.31	0.856	0.623	1.37399679	3.46410161513775	2.76631910922619	1.56861591791385	1.46093790411566	-0.155484902840395	-0.473208760194684
CA008.4.e	CA008.4.e	21	28	CA008	4	e	inv	12	11.2	3	4.28	0.412	0.263	1.566539924	3.46410161513775	2.41591377830105	1.09861228866811	1.45395300959371	-0.886731929632611	-1.33560124680437
CA008.5.b	CA008.5.b	22	11	CA008	5	b	inv	11	11.5	2.5	3.86	0.527	0.56	0.941071429	3.3166247903554	2.4423470353692	0.916290731874155	1.35066718347674	-0.640554730440775	-0.579818495252942
CA008.5.d	CA008.5.d	8	36	CA008	5	d	inv	10	11.3	3.1	5.39	0.619	0.585	1.058119658	3.16227766016838	2.42480272571829	1.1314021114911	1.68454538492091	-0.479650006297541	-0.536143431750281
CA008.5.l	CA008.5.l	32	23	CA008	5	l	inv	9	12.8	2.5	3.73	0.391	0.355	1.101408451	3	2.54944517092557	0.916290731874155	1.31640823365572	-0.939047718996771	-1.03563748950672
CA008.6.c	CA008.6.c	42	49	CA008	6	c	inv	10	9.6	2.5	2.76	0.333	0.189	1.761904762	3.16227766016838	2.26176309847379	0.916290731874155	1.01523067972906	-1.09961278900169	-1.66600826392249
CA008.6.e	CA008.6.e	28	21	CA008	6	e	inv	12	12.3	2.2	4.1	0.415	0.273	1.52014652	3.46410161513775	2.50959926237837	0.78845736036427	1.41098697371026	-0.879476758751439	-1.29828348379718
GR001.24.a	GR001.24.a	15	19	GR001	24	a	nat	7	14.2	3.2	3.34	0.207	0.129	1.604651163	2.64575131106459	2.65324196460721	1.16315080980568	1.20597080698861	-1.57503648571677	-2.04794287462046
GR001.24.g	GR001.24.g	31	34	GR001	24	g	nat	5	13.5	1.6	1.85	0.116	0.026	4.461538462	2.23606797749979	2.60268968544438	0.470003629245736	0.615185639090233	-2.15416508787577	-3.64965874096066
GR001.26.d	GR001.26.d	28	30	GR001	26	d	nat	8	14.4	1.8	2.56	0.267	0.153	1.745098039	2.82842712474619	2.66722820658195	0.587786664902119	0.940007258491471	-1.32050662058189	-1.8773173575897
GR001.26.j	GR001.26.j	22	49	GR001	26	j	nat	7	13.8	4	1.78	0.193	0.164	1.176829268	2.64575131106459	2.62466859216316	1.38629436111989	0.576613364303994	-1.64506509007725	-1.80788885115794
GR001.28.e	GR001.28.e	42	35	GR001	28	e	nat	8	13.4	3.2	2.65	0.392	0.116	3.379310345	2.82842712474619	2.59525470695687	1.16315080980568	0.974559639998131	-0.936493439191674	-2.15416508787577
GR001.28.j	GR001.28.j	32	15	GR001	28	j	nat	9	14.3	3.7	3.73	0.409	0.126	3.246031746	3	2.66025953726586	1.30833281965018	1.31640823365572	-0.894040122939335	-2.07147337203066
GR001.6.a	GR001.6.a	21	4	GR001	6	a	nat	5	12.5	1.1	1.91	0.094	0.025	3.76	2.23606797749979	2.52572864430826	0.0953101798043249	0.647103242058538	-2.36446049671213	-3.68887945411394
GR002.2.a	GR002.2.a	32	48	GR002	2	a	nat	12	14.9	4.2	4.19	0.489	0.393	1.244274809	3.46410161513775	2.70136121295141	1.43508452528932	1.43270073393405	-0.715392789507265	-0.933945667112876
GR002.2.e	GR002.2.e	22	24	GR002	2	e	nat	12	14.1	2.2	4.64	0.71	0.653	1.087289433	3.46410161513775	2.64617479738412	0.78845736036427	1.53471436623816	-0.342490308946776	-0.426178149705706
GR002.2.h	GR002.2.h	8	28	GR002	2	h	nat	13	13.8	2.9	3.05	0.509	0.257	1.980544747	3.60555127546399	2.62466859216316	1.06471073699243	1.11514159061932	-0.675307262431614	-1.35867919408692
GR002.25.f	GR002.25.f	31	9	GR002	25	f	nat	10	14.1	3	4.11	0.404	0.231	1.748917749	3.16227766016838	2.64617479738412	1.09861228866811	1.41342302850814	-0.906340401020987	-1.46533756846034
GR002.8.c	GR002.8.c	15	20	GR002	8	c	nat	11	9.8	2.6	6.05	0.399	0.356	1.120786517	3.3166247903554	2.28238238567653	0.955511445027436	1.80005827204275	-0.918793862092274	-1.03282454813011
GR002.8.d	GR002.8.d	28	13	GR002	8	d	nat	9	14.5	3.7	3.08	0.397	0.174	2.281609195	3	2.67414864942653	1.30833281965018	1.12492959698548	-0.923818998294947	-1.74869997976761
GR002.8.f	GR002.8.f	21	20	GR002	8	f	nat	10	10.6	4	3.69	0.351	0.197	1.781725888	3.16227766016838	2.36085400111802	1.38629436111989	1.30562645805244	-1.04696905551627	-1.62455155024415
GR002.8.i	GR002.8.i	42	39	GR002	8	i	nat	8	12	2.4	3.51	0.27	0.161	1.677018634	2.82842712474619	2.484906649788	0.8754687373539	1.25561603747777	-1.30933331998376	-1.82635091399767
GR003.10.j	GR003.10.j	42	19	GR003	10	j	nat	8	15.4	3.4	3.38	0.274	0.127	2.157480315	2.82842712474619	2.73436750941958	1.22377543162212	1.21787570949493	-1.29462717259407	-2.06356819252355
GR003.12.f	GR003.12.f	22	12	GR003	12	f	nat	7	14.1	3.6	1.71	0.209	0.142	1.471830986	2.64575131106459	2.64617479738412	1.28093384546206	0.536493370514568	-1.56542102701733	-1.95192822138088
GR003.12.g	GR003.12.g	21	15	GR003	12	g	nat	8	15.6	1.2	3.27	0.216	0.129	1.674418605	2.82842712474619	2.74727091425549	0.182321556793955	1.18478998490916	-1.53247687129797	-2.04794287462046
GR003.17.i	GR003.17.i	31	18	GR003	17	i	nat	9	15.1	4	3.43	0.39	0.143	2.727272727	3	2.71469474382088	1.38629436111989	1.23256026117785	-0.941608539858445	-1.94491064872223
GR003.3.d	GR003.3.d	32	32	GR003	3	d	nat	12	12.2	3.4	4.31	0.548	0.529	1.035916824	3.46410161513775	2.50143595173921	1.22377543162212	1.46093790411566	-0.601479992034121	-0.636766847123838
GR003.3.i	GR003.3.i	8	21	GR003	3	i	nat	8	13.1	3.2	3.73	0.381	0.227	1.678414097	2.82842712474619	2.57261223020711	1.16315080980568	1.31640823365572	-0.964955903855436	-1.48280526150073
GR003.9.d	GR003.9.d	28	41	GR003	9	d	nat	11	15	3.4	3.03	0.362	0.209	1.732057416	3.3166247903554	2.70805020110221	1.22377543162212	1.10856261952128	-1.01611106715637	-1.56542102701733
GR003.9.e	GR003.9.e	15	33	GR003	9	e	nat	9	16.7	3.7	4.27	0.488	0.298	1.637583893	3	2.81540871942271	1.30833281965018	1.45161382724053	-0.71743987312899	-1.21066179247673
HU001.13.g	HU001.13.g	22	33	HU001	13	g	nat	6	15	1.7	1.4	0.183	0.143	1.27972028	2.44948974278318	2.70805020110221	0.53062825106217	0.336472236621213	-1.69826912614072	-1.94491064872223
HU001.14.i	HU001.14.i	32	11	HU001	14	i	nat	12	15	4.8	4.16	0.518	0.413	1.254237288	3.46410161513775	2.70805020110221	1.56861591791385	1.42551507427317	-0.657780036722654	-0.884307686021104
HU001.24.d	HU001.24.d	21	12	HU001	24	d	nat	9	14.6	4.5	3.35	0.46	0.219	2.100456621	3	2.68102152871429	1.50407739677627	1.20896034583698	-0.776528789498996	-1.51868354916564
HU001.24.g	HU001.24.g	15	7	HU001	24	g	nat	12	16.1	4.7	4.38	0.534	0.346	1.543352601	3.46410161513775	2.77881927199042	1.54756250871601	1.47704872438835	-0.627359440021942	-1.06131650392441
HU001.28.b	HU001.28.b	42	15	HU001	28	b	nat	13	17.8	4.8	2.78	0.761	0.734	1.036784741	3.60555127546399	2.87919845729804	1.56861591791385	1.02245092770255	-0.273121921120451	-0.309246250367621
HU001.28.f	HU001.28.f	28	11	HU001	28	f	nat	12	14.9	3.9	3.85	0.594	0.306	1.941176471	3.46410161513775	2.70136121295141	1.3609765531356	1.34807314829969	-0.520875959619492	-1.18417017702976
HU001.5.b	HU001.5.b	8	38	HU001	5	b	nat	9	15.2	4.1	NA	0.244	NA	NA	3	2.72129542785223	1.41098697371026	NA	-1.41058705368894	NA
HU001.5.e	HU001.5.e	31	47	HU001	5	e	nat	8	13.6	2.7	1.91	0.21	0.097	2.164948454	2.82842712474619	2.61006979274201	0.993251773010283	0.647103242058538	-1.56064774826467	-2.33304430047875
RO001.12.b	RO001.12.b	22	43	RO001	12	b	nat	11	15.6	2.9	3.57	0.613	0.364	1.684065934	3.3166247903554	2.74727091425549	1.06471073699243	1.27256559579155	-0.489390343045926	-1.0106014113454
RO001.12.d	RO001.12.d	21	33	RO001	12	d	nat	10	19	4.1	4.32	0.602	0.561	1.073083779	3.16227766016838	2.94443897916644	1.41098697371026	1.46325540225602	-0.507497833673316	-0.578034373459441
RO001.12.i	RO001.12.i	23	37	RO001	12	i	nat	11	12.4	2.6	3.95	0.363	0.195	1.861538462	3.3166247903554	2.51769647261099	0.955511445027436	1.37371557891303	-1.01335244471729	-1.63475572041839
RO001.13.a	RO001.13.a	32	26	RO001	13	a	nat	9	15.7	3.3	3.56	0.309	0.5	0.618	3	2.75366071235426	1.19392246847243	1.26976054486394	-1.17441400208439	-0.693147180559945
RO001.13.e	RO001.13.e	42	30	RO001	13	e	nat	10	16.1	2.7	3.33	0.367	0.827	0.443772672	3.16227766016838	2.77881927199042	0.993251773010283	1.20297230399235	-1.00239343092757	-0.189950583958446
RO001.21.c	RO001.21.c	15	14	RO001	21	c	nat	10	12.8	1.8	3.17	0.237	0.14	1.692857143	3.16227766016838	2.54944517092557	0.587786664902119	1.15373158788919	-1.43969513784701	-1.96611285637283
RO001.28.d	RO001.28.d	8	26	RO001	28	d	nat	9	16.7	4.2	3.29	0.458	0.158	2.898734177	3	2.81540871942271	1.43508452528932	1.19088756477728	-0.780886094867952	-1.84516024595517
RO001.6.i	RO001.6.i	31	37	RO001	6	i	nat	11	14.4	2.6	3.96	0.442	0.289	1.529411765	3.3166247903554	2.66722820658195	0.955511445027436	1.37624402526639	-0.816445396904439	-1.2413285908697
RO002.12.h	RO002.12.h	28	23	RO002	12	h	nat	9	14.2	4.2	2.42	0.334	0.182	1.835164835	3	2.65324196460721	1.43508452528932	0.883767540168595	-1.09661428600544	-1.70374859190534
RO002.12.m	RO002.12.m	32	42	RO002	12	m	nat	8	9.5	1.4	2.44	0.199	0.209	0.95215311	2.82842712474619	2.2512917986065	0.336472236621213	0.89199803930511	-1.61445045425764	-1.56542102701733
RO002.13.c	RO002.13.c	15	22	RO002	13	c	nat	9	10.6	3.2	4.11	0.348	0.139	2.503597122	3	2.36085400111802	1.16315080980568	1.41342302850814	-1.05555279920766	-1.97328134585145
RO002.15.e	RO002.15.e	31	17	RO002	15	e	nat	9	13.7	3.2	3.53	0.369	0.178	2.073033708	3	2.61739583283408	1.16315080980568	1.26129787094521	-0.99695863494161	-1.72597172869005
RO002.18.b	RO002.18.b	22	47	RO002	18	b	nat	8	12.3	3	3.43	0.228	0.097	2.350515464	2.82842712474619	2.50959926237837	1.09861228866811	1.23256026117785	-1.4784096500277	-2.33304430047875
RO002.18.g	RO002.18.g	21	47	RO002	18	g	nat	4	7.3	0.7	1.5	0.04	0.023	1.739130435	2	1.98787434815435	-0.356674943938732	0.405465108108164	-3.2188758248682	-3.77226106305299
RO002.18.j	RO002.18.j	42	31	RO002	18	j	nat	6	10.2	1.9	1.58	0.111	0.136	0.816176471	2.44948974278318	2.32238772029023	0.641853886172395	0.457424847038875	-2.1982250776698	-1.99510039324608
RO002.22.b	RO002.22.b	8	18	RO002	22	b	nat	8	12.1	3.2	4.01	0.355	0.216	1.643518519	2.82842712474619	2.4932054526027	1.16315080980568	1.38879124131848	-1.03563748950672	-1.53247687129797
RO003.11.a	RO003.11.a	21	10	RO003	11	a	nat	7	9.5	3.2	2.95	0.253	0.191	1.32460733	2.64575131106459	2.2512917986065	1.16315080980568	1.08180517035173	-1.37436579025462	-1.65548185093551
RO003.15.b	RO003.15.b	8	49	RO003	15	b	nat	11	12.2	3.2	3.39	0.314	0.158	1.987341772	3.3166247903554	2.50143595173921	1.16315080980568	1.22082992139236	-1.15836229307388	-1.84516024595517
RO003.15.e	RO003.15.e	42	37	RO003	15	e	nat	10	15.7	1.6	2.59	0.162	0.119	1.361344538	3.16227766016838	2.75366071235426	0.470003629245736	0.951657875711446	-1.82015894374975	-2.12863178587061
RO003.15.h	RO003.15.h	22	45	RO003	15	h	nat	12	11.1	2.6	2.65	0.41	0.402	1.019900498	3.46410161513775	2.40694510831829	0.955511445027436	0.974559639998131	-0.891598119283784	-0.911303190363116
RO003.15.k	RO003.15.k	32	36	RO003	15	k	nat	5	9.5	1.7	1.5	0.108	0.072	1.5	2.23606797749979	2.2512917986065	0.53062825106217	0.405465108108164	-2.22562405185792	-2.63108915996608
RO003.21.h	RO003.21.h	28	24	RO003	21	h	nat	9	13.7	2.2	1.76	0.252	0.101	2.495049505	3	2.61739583283408	0.78845736036427	0.56531380905006	-1.37832619147071	-2.29263476214088
RO003.4.f	RO003.4.f	15	32	RO003	4	f	nat	13	13.2	3.2	4.6	0.516	0.405	1.274074074	3.60555127546399	2.58021682959233	1.16315080980568	1.52605630349505	-0.661648513500574	-0.903868211875598
RO003.4.g	RO003.4.g	31	46	RO003	4	g	nat	11	11	2.5	3.89	0.412	0.275	1.498181818	3.3166247903554	2.39789527279837	0.916290731874155	1.35840915763035	-0.886731929632611	-1.29098418131557
RO004.12.d	RO004.12.d	21	40	RO004	12	d	nat	12	10.2	1.4	4.29	0.396	0.481	0.823284823	3.46410161513775	2.32238772029023	0.336472236621213	1.45628673293993	-0.926341067727656	-0.731888008876376
RO004.12.e	RO004.12.e	8	22	RO004	12	e	nat	10	9.6	2.8	3.87	0.319	0.321	0.99376947	3.16227766016838	2.26176309847379	1.02961941718116	1.35325450704169	-1.14256417619729	-1.13631415585212
RO004.20.a	RO004.20.a	31	26	RO004	20	a	nat	13	13.6	3.7	5.48	0.425	0.219	1.940639269	3.60555127546399	2.61006979274201	1.30833281965018	1.70110510095992	-0.85566611005772	-1.51868354916564
RO004.20.b	RO004.20.b	22	35	RO004	20	b	nat	11	14.1	3	3.65	0.532	0.459	1.159041394	3.3166247903554	2.64617479738412	1.09861228866811	1.2947271675944	-0.631111789640493	-0.778705068921592
RO004.21.d	RO004.21.d	32	38	RO004	21	d	nat	13	16.7	2.9	4.72	0.616	0.492	1.25203252	3.60555127546399	2.81540871942271	1.06471073699243	1.55180879959746	-0.484508315448617	-0.709276562489829
RO004.3.f	RO004.3.f	15	34	RO004	3	f	nat	10	16	3.6	4.16	0.509	0.282	1.804964539	3.16227766016838	2.77258872223978	1.28093384546206	1.42551507427317	-0.675307262431614	-1.26584820804402
RO004.3.g	RO004.3.g	28	2	RO004	3	g	nat	13	14	2.6	3.76	0.581	0.319	1.821316614	3.60555127546399	2.63905732961526	0.955511445027436	1.3244189574018	-0.543004522130226	-1.14256417619729
RO004.3.i	RO004.3.i	42	41	RO004	3	i	nat	12	13.3	3.8	3.51	0.522	0.402	1.298507463	3.46410161513775	2.58776403522771	1.33500106673234	1.25561603747777	-0.650087691099498	-0.911303190363116
RO005.15.a	RO005.15.a	42	24	RO005	15	a	nat	11	15.9	3.8	3.24	0.247	0.107	2.308411215	3.3166247903554	2.76631910922619	1.33500106673234	1.17557332980424	-1.39836694235416	-2.23492644452023
RO005.17.h	RO005.17.h	15	25	RO005	17	h	nat	11	12.5	3	4.19	0.401	0.223	1.798206278	3.3166247903554	2.52572864430826	1.09861228866811	1.43270073393405	-0.913793851675568	-1.50058350752202
RO005.17.j	RO005.17.j	22	3	RO005	17	j	nat	9	10.8	2.3	2.85	0.292	0.15	1.946666667	3	2.37954613413017	0.832909122935104	1.04731899428056	-1.23100147671386	-1.89711998488588
RO005.23.a	RO005.23.a	28	38	RO005	23	a	nat	15	13.5	3.9	3.56	0.222	0.376	0.590425532	3.87298334620742	2.60268968544438	1.3609765531356	1.26976054486394	-1.50507789710986	-0.978166135592243
RO005.23.b	RO005.23.b	21	8	RO005	23	b	nat	11	17.6	4.4	3.75	0.554	0.287	1.930313589	3.3166247903554	2.86789890204411	1.48160454092422	1.32175583998232	-0.590590592234853	-1.24827306322252
RO005.23.f	RO005.23.f	31	35	RO005	23	f	nat	7	16.6	2.5	3.05	NA	0.079	NA	2.64575131106459	2.8094026953625	0.916290731874155	1.11514159061932	NA	-2.53830742651512
RO005.25.a	RO005.25.a	32	29	RO005	25	a	nat	7	14	2.2	2.73	0.208	0.175	1.188571429	2.64575131106459	2.63905732961526	0.78845736036427	1.00430160919687	-1.57021719928082	-1.74296930505862
RO005.25.e	RO005.25.e	8	44	RO005	25	e	nat	8	13.7	3.2	2.88	0.174	0.11	1.581818182	2.82842712474619	2.61739583283408	1.16315080980568	1.05779029414785	-1.74869997976761	-2.20727491318972
RU001.10.d	RU001.10.d	15	28	RU001	10	d	nat	7	12.3	2.3	2.69	0.198	0.26	0.761538462	2.64575131106459	2.50959926237837	0.832909122935104	0.989541193613748	-1.6194882482876	-1.34707364796661
RU001.2.f	RU001.2.f	31	4	RU001	2	f	nat	14	17.7	2.5	4.46	0.763	0.707	1.079207921	3.74165738677394	2.87356463957978	0.916290731874155	1.49514876603197	-0.27049724769768	-0.346724613085564
RU001.2.h	RU001.2.h	22	28	RU001	2	h	nat	14	16.1	3.3	3.18	0.647	0.395	1.637974684	3.74165738677394	2.77881927199042	1.19392246847243	1.15688119679209	-0.435408984481236	-0.928869514081015
RU001.6.g	RU001.6.g	42	17	RU001	6	g	nat	13	15.5	3.5	3.67	0.59	0.35	1.685714286	3.60555127546399	2.7408400239252	1.25276296849537	1.30019166206648	-0.527632742082372	-1.04982212449868
RU001.7.d	RU001.7.d	28	45	RU001	7	d	nat	10	12.7	3.1	3.34	0.312	0.238	1.31092437	3.16227766016838	2.54160199346455	1.1314021114911	1.20597080698861	-1.16475209117265	-1.43548460531066
RU001.7.e	RU001.7.e	21	7	RU001	7	e	nat	9	14.2	4.2	3.71	0.396	0.41	0.965853659	3	2.65324196460721	1.43508452528932	1.31103187661934	-0.926341067727656	-0.891598119283784
RU001.9.a	RU001.9.a	32	31	RU001	9	a	nat	12	13.5	3.8	4.24	0.5	0.375	1.333333333	3.46410161513775	2.60268968544438	1.33500106673234	1.44456326924387	-0.693147180559945	-0.980829253011726
RU002.5.a	RU002.5.a	12	49	RU002	5	a	nat	8	11.6	2.9	1.5	0.236	0.152	1.552631579	2.82842712474619	2.45100509811232	1.06471073699243	0.405465108108164	-1.44392347395653	-1.88387475813586
RU003.1.b	RU003.1.b	31	42	RU003	1	b	nat	15	14.8	3.1	2.91	0.559	0.215	2.6	3.87298334620742	2.69462718077007	1.1314021114911	1.0681530811834	-0.581605805827038	-1.53711725085447
RU003.3.a	RU003.3.a	32	37	RU003	3	a	nat	13	12.7	2.4	3.96	0.304	0.357	0.851540616	3.60555127546399	2.54160199346455	0.8754687373539	1.37624402526639	-1.19072757757592	-1.0300194972025
RU003.7.c	RU003.7.c	8	48	RU003	7	c	nat	14	16	3.8	3.91	0.453	0.311	1.45659164	3.74165738677394	2.77258872223978	1.33500106673234	1.36353737399727	-0.791863153499103	-1.1679623668029
RU004.5.d	RU004.5.d	42	42	RU004	5	d	nat	8	14.2	2.1	2.2	0.172	0.052	3.307692308	2.82842712474619	2.65324196460721	0.741937344729377	0.78845736036427	-1.76026080216868	-2.95651156040071
RU004.7.b	RU004.7.b	15	1	RU004	7	b	nat	12	15	2.9	6.51	0.667	0.202	3.301980198	3.46410161513775	2.70805020110221	1.06471073699243	1.87333945622048	-0.404965233066513	-1.59948758158093
RU005.5.d	RU005.5.d	32	22	RU005	5	d	nat	14	11	2.5	3.82	0.444	1.074	0.413407821	3.74165738677394	2.39789527279837	0.916290731874155	1.34025042261848	-0.811930716549912	0.071389996086673
RU005.5.e	RU005.5.e	31	21	RU005	5	e	nat	12	11	3.5	4.28	0.554	0.657	0.843226788	3.46410161513775	2.39789527279837	1.25276296849537	1.45395300959371	-0.590590592234853	-0.420071260497527
RU005.5.g	RU005.5.g	15	23	RU005	5	g	nat	14	12.6	3	5.26	0.604	0.765	0.789542484	3.74165738677394	2.53369681395743	1.09861228866811	1.66013102674962	-0.504181081047322	-0.267879445155601
RU005.6.g	RU005.6.g	42	13	RU005	6	g	nat	9	17	4.2	4.48	0.479	0.747	0.641231593	3	2.83321334405622	1.43508452528932	1.49962304642689	-0.736054681571222	-0.29169009384932
RU005.7.a	RU005.7.a	22	16	RU005	7	a	nat	13	10.2	2.3	2.84	0.558	0.405	1.377777778	3.60555127546399	2.32238772029023	0.832909122935104	1.04380405217311	-0.583396316600826	-0.903868211875598
RU008.16.d	RU008.16.d	31	22	RU008	16	d	nat	13	14.5	3.5	3.38	0.624	0.194	3.216494845	3.60555127546399	2.67414864942653	1.25276296849537	1.21787570949493	-0.471604910612709	-1.63989711991881
RU008.16.j	RU008.16.j	15	42	RU008	16	j	nat	12	12.3	3.2	3.54	0.417	0.285	1.463157895	3.46410161513775	2.50959926237837	1.16315080980568	1.26412672714568	-0.874669057183336	-1.25526609871349
RU008.17.b	RU008.17.b	21	17	RU008	17	b	nat	11	13.6	3.2	3.74	0.521	0.271	1.922509225	3.3166247903554	2.61006979274201	1.16315080980568	1.31908561142644	-0.65200523722877	-1.30563645810244
RU008.17.e	RU008.17.e	22	25	RU008	17	e	nat	11	14.1	3.1	3.14	0.402	0.295	1.362711864	3.3166247903554	2.64617479738412	1.1314021114911	1.14422279992016	-0.911303190363116	-1.22077992264232
RU008.17.f	RU008.17.f	42	34	RU008	17	f	nat	10	17.1	5.2	3.36	0.349	1.279	0.272869429	3.16227766016838	2.83907846350861	1.64865862558738	1.21194097397511	-1.05268335677971	0.246078522596706
RU008.17.j	RU008.17.j	8	24	RU008	17	j	nat	9	15.4	3.4	2.84	0.294	0.223	1.31838565	3	2.73436750941958	1.22377543162212	1.04380405217311	-1.22417551164346	-1.50058350752202
RU008.19.e	RU008.19.e	32	18	RU008	19	e	nat	14	16.5	4.7	4.55	0.565	0.95	0.594736842	3.74165738677394	2.80336038090653	1.54756250871601	1.51512723296286	-0.570929547835696	-0.0512932943875506
RU008.21.j	RU008.21.j	28	37	RU008	21	j	nat	13	12.3	2.3	2.88	0.409	0.279	1.465949821	3.60555127546399	2.50959926237837	0.832909122935104	1.05779029414785	-0.894040122939335	-1.27654349716077
TR001.1.i	TR001.1.i	32	34	TR001	1	i	nat	8	16.4	3.2	4.22	0.454	0.413	1.099273608	2.82842712474619	2.79728133483015	1.16315080980568	1.43983512804792	-0.789658080940789	-0.884307686021104
TR001.12.b	TR001.12.b	15	35	TR001	12	b	nat	11	15.2	3.5	5.64	0.628	1.224	0.513071895	3.3166247903554	2.72129542785223	1.25276296849537	1.72988406550997	-0.465215112513938	0.202124184090134
TR001.19.d	TR001.19.d	21	41	TR001	19	d	nat	8	12	2.4	3.35	0.272	0.574	0.473867596	2.82842712474619	2.484906649788	0.8754687373539	1.20896034583698	-1.30195321268614	-0.555125882662571
TR001.19.e	TR001.19.e	28	17	TR001	19	e	nat	8	17.6	4.1	2.55	0.336	0.116	2.896551724	2.82842712474619	2.86789890204411	1.41098697371026	0.936093359170335	-1.09064411901893	-2.15416508787577
TR001.19.j	TR001.19.j	31	23	TR001	19	j	nat	10	19.5	3.6	3.99	0.512	0.119	4.302521008	3.16227766016838	2.9704144655697	1.28093384546206	1.38379123090177	-0.669430653942629	-2.12863178587061
TR001.24.a	TR001.24.a	42	46	TR001	24	a	nat	8	13.3	4.1	3.25	0.235	0.214	1.098130841	2.82842712474619	2.58776403522771	1.41098697371026	1.17865499634165	-1.44816976483798	-1.54177926396029
TR001.24.e	TR001.24.e	22	23	TR001	24	e	nat	9	17	3.7	2.26	0.297	0.182	1.631868132	3	2.83321334405622	1.30833281965018	0.815364813284194	-1.21402314017944	-1.70374859190534
TR001.24.n	TR001.24.n	8	46	TR001	24	n	nat	6	13.5	2.6	2.49	0.167	0.103	1.621359223	2.44948974278318	2.60268968544438	0.955511445027436	0.912282710476616	-1.78976146656538	-2.2730262907525
TR003.14.f	TR003.14.f	31	1	TR003	14	f	nat	7	13.5	2.7	2.55	0.228	0.158	1.443037975	2.64575131106459	2.60268968544438	0.993251773010283	0.936093359170335	-1.4784096500277	-1.84516024595517
TR003.14.i	TR003.14.i	22	13	TR003	14	i	nat	4	5.6	1.2	1.07	0.082	0.018	4.555555556	2	1.7227665977411	0.182321556793955	0.0676586484738149	-2.50103603171788	-4.01738352108597
TR003.2.c	TR003.2.c	21	3	TR003	2	c	nat	6	10.2	1.8	2.82	0.12	0.086	1.395348837	2.44948974278318	2.32238772029023	0.587786664902119	1.03673688495002	-2.12026353620009	-2.45340798272863
TR003.2.d	TR003.2.d	15	12	TR003	2	d	nat	8	9.6	2.3	2.49	0.203	0.182	1.115384615	2.82842712474619	2.26176309847379	0.832909122935104	0.912282710476616	-1.59454929994035	-1.70374859190534
TR003.24.h	TR003.24.h	28	9	TR003	24	h	nat	4	5.7	1.2	1.06	0.081	0.004	20.25	2	1.7404661748405	0.182321556793955	0.0582689081239758	-2.5133061243097	-5.52146091786225
TR003.24.j	TR003.24.j	42	45	TR003	24	j	nat	4	4.9	0.9	1.21	0.059	0.042	1.404761905	2	1.58923520511658	-0.105360515657826	0.19062035960865	-2.83021783507642	-3.17008566069877
TR004.14.b	TR004.14.b	31	20	TR004	14	b	nat	8	13.2	3.1	3.47	0.389	0.195	1.994871795	2.82842712474619	2.58021682959233	1.1314021114911	1.24415459395877	-0.944175935363691	-1.63475572041839
TR004.14.c	TR004.14.c	32	25	TR004	14	c	nat	9	16.4	3.7	3.66	0.408	0.641	0.63650546	3	2.79728133483015	1.30833281965018	1.29746314741327	-0.896488104577975	-0.444725822061467
TR004.18.f	TR004.18.f	8	45	TR004	18	f	nat	8	18	5.2	2.52	0.331	0.14	2.364285714	2.82842712474619	2.89037175789616	1.64865862558738	0.924258901523332	-1.10563690360507	-1.96611285637283
TR004.18.h	TR004.18.h	28	22	TR004	18	h	nat	10	16.3	3.9	2.59	0.391	0.246	1.589430894	3.16227766016838	2.79116510781272	1.3609765531356	0.951657875711446	-0.939047718996771	-1.40242374304977
TR004.18.j	TR004.18.j	42	2	TR004	18	j	nat	9	11.1	2.4	3.01	0.28	0.39	0.717948718	3	2.40694510831829	0.8754687373539	1.10194007876078	-1.27296567581289	-0.941608539858445
TR004.8.d	TR004.8.d	21	27	TR004	8	d	nat	8	13.8	2.2	2.58	0.24	0.071	3.38028169	2.82842712474619	2.62466859216316	0.78845736036427	0.947789398933526	-1.42711635564015	-2.64507540194082
TR005.18.b	TR005.18.b	15	6	TR005	18	b	nat	6	10.3	3.4	2.95	0.186	0.074	2.513513514	2.44948974278318	2.33214389523559	1.22377543162212	1.08180517035173	-1.68200860526894	-2.60369018577797
TR005.18.m	TR005.18.m	21	1	TR005	18	m	nat	7	11.7	3.3	2.26	0.329	0.119	2.764705882	2.64575131106459	2.45958884180371	1.19392246847243	0.815364813284194	-1.11169752821677	-2.12863178587061
UA001.18.a	UA001.18.a	46	3	UA001	18	a	nat	12	17	3.5	3.84	0.615	0.941	0.653560043	3.46410161513775	2.83321334405622	1.25276296849537	1.34547236659964	-0.486133011175619	-0.0608121393967575
UA001.18.c	UA001.18.c	15	31	UA001	18	c	nat	12	14.2	2.2	2.96	0.301	0.324	0.929012346	3.46410161513775	2.65324196460721	0.78845736036427	1.08518926833597	-1.20064501423326	-1.12701176318981
UA001.22.f	UA001.22.f	22	22	UA001	22	f	nat	7	15.8	1.8	1.93	0.207	0.133	1.556390977	2.64575131106459	2.76000994003292	0.587786664902119	0.657520002916794	-1.57503648571677	-2.01740615076038
UA001.25.e	UA001.25.e	21	22	UA001	25	e	nat	14	13.2	3.6	3.93	0.609	0.738	0.825203252	3.74165738677394	2.58021682959233	1.28093384546206	1.36863942588117	-0.49593701127224	-0.303811454381665
UA002.18.a	UA002.18.a	15	13	UA002	18	a	nat	10	16.6	3.6	2.8	0.311	0.153	2.032679739	3.16227766016838	2.8094026953625	1.28093384546206	1.02961941718116	-1.1679623668029	-1.8773173575897
UA002.18.g	UA002.18.g	31	7	UA002	18	g	nat	12	16.5	4.1	4.72	0.711	0.333	2.135135135	3.46410161513775	2.80336038090653	1.41098697371026	1.55180879959746	-0.341082849178896	-1.09961278900169
UA003.11A.e	UA003.11A.e	42	6	UA003	11A	e	nat	11	15.3	3.7	4.11	0.717	0.908	0.789647577	3.3166247903554	2.72785282839839	1.30833281965018	1.41342302850814	-0.332679438382517	-0.0965109003808437
UA003.11A.j	UA003.11A.j	28	10	UA003	11A	j	nat	11	15.5	4.6	3.98	0.524	0.483	1.084886128	3.3166247903554	2.7408400239252	1.52605630349505	1.38128181929635	-0.646263594661095	-0.727738625329564
UA003.6.c	UA003.6.c	21	11	UA003	6	c	nat	9	19.7	5.1	4.1	0.744	0.304	2.447368421	3	2.98061863574394	1.62924053973028	1.41098697371026	-0.295714244149045	-1.19072757757592
UA003.7A.h	UA003.7A.h	31	14	UA003	7A	h	nat	12	18.5	3.3	3.45	0.568	0.348	1.632183908	3.46410161513775	2.91777073208428	1.19392246847243	1.23837423104327	-0.565633860260986	-1.05555279920766
UA003.8.b	UA003.8.b	22	2	UA003	8	b	nat	6	7.9	2.1	1.95	0.105	0.093	1.129032258	2.44948974278318	2.06686275947298	0.741937344729377	0.667829372575655	-2.25379492882461	-2.37515578582888
UA003.8.e	UA003.8.e	8	47	UA003	8	e	nat	7	12.2	2.2	2.04	0.112	0.051	2.196078431	2.64575131106459	2.50143595173921	0.78845736036427	0.712949807856125	-2.18925640768704	-2.97592964625781
UA003.9A.e	UA003.9A.e	15	11	UA003	9A	e	nat	10	16	3.5	5.24	0.503	0.457	1.100656455	3.16227766016838	2.77258872223978	1.25276296849537	1.65632149833295	-0.687165108882398	-0.783071888087932
UA003.9A.i	UA003.9A.i	32	13	UA003	9A	i	nat	9	16.4	2.9	3.76	0.497	0.294	1.69047619	3	2.79728133483015	1.06471073699243	1.3244189574018	-0.699165252885508	-1.22417551164346
UA004.15.e	UA004.15.e	42	7	UA004	15	e	nat	13	14.6	4.8	4.03	0.673	1.049	0.641563394	3.60555127546399	2.68102152871429	1.56861591791385	1.39376637595859	-0.396009949337409	0.0478373294141601
UA004.18.a	UA004.18.a	32	4	UA004	18	a	nat	11	14.2	4.2	4.92	0.457	0.391	1.168797954	3.3166247903554	2.65324196460721	1.43508452528932	1.59330853050422	-0.783071888087932	-0.939047718996771
UA004.18.f	UA004.18.f	21	16	UA004	18	f	nat	15	14.6	3.3	4.28	0.662	0.514	1.287937743	3.87298334620742	2.68102152871429	1.19392246847243	1.45395300959371	-0.412489723045129	-0.665532013526972
UA004.18.j	UA004.18.j	8	39	UA004	18	j	nat	14	12.5	2.9	3.27	0.585	0.432	1.354166667	3.74165738677394	2.52572864430826	1.06471073699243	1.18478998490916	-0.536143431750281	-0.839329690738027
UA004.27.i	UA004.27.i	31	50	UA004	27	i	nat	12	11.2	1.6	3.91	0.571	0.456	1.252192982	3.46410161513775	2.41591377830105	0.470003629245736	1.36353737399727	-0.560366069326127	-0.785262469467751
UA004.5.g	UA004.5.g	28	14	UA004	5	g	nat	14	14.2	3.8	4.2	0.76	0.414	1.835748792	3.74165738677394	2.65324196460721	1.33500106673234	1.43508452528932	-0.27443684570176	-0.881889305156823
UA004.7.d	UA004.7.d	22	32	UA004	7	d	nat	15	11.7	2.8	4.16	0.741	0.452	1.639380531	3.87298334620742	2.45958884180371	1.02961941718116	1.42551507427317	-0.29975465368605	-0.794073099149906
UA005.15.b	UA005.15.b	22	48	UA005	15	b	nat	9	11.5	2.9	2.18	0.338	0.274	1.233576642	3	2.4423470353692	1.06471073699243	0.779324876800998	-1.08470938349912	-1.29462717259407
UA005.15.d	UA005.15.d	15	44	UA005	15	d	nat	7	11.8	1.7	1.79	0.133	0.105	1.266666667	2.64575131106459	2.46809953147162	0.53062825106217	0.582215619852664	-2.01740615076038	-2.25379492882461
UA005.18.a	UA005.18.a	21	25	UA005	18	a	nat	12	17.5	3.1	4.35	0.778	0.885	0.879096045	3.46410161513775	2.86220088092947	1.1314021114911	1.47017584510059	-0.251028754803745	-0.122167633974208
UA005.3.d	UA005.3.d	31	12	UA005	3	d	nat	5	20.2	3.1	2.07	0.249	0.114	2.184210526	2.23606797749979	3.00568260440716	1.1314021114911	0.727548607277278	-1.39030238251743	-2.17155683058764
UA006.10.g	UA006.10.g	22	36	UA006	10	g	nat	5	15.1	1.9	1.65	0.152	0.115	1.32173913	2.23606797749979	2.71469474382088	0.641853886172395	0.500775287912489	-1.88387475813586	-2.16282315061889
UA008.13.b	UA008.13.b	26	44	UA008	13	b	nat	8	12.2	2.7	2.35	0.218	0.186	1.172043011	2.82842712474619	2.50143595173921	0.993251773010283	0.854415328156068	-1.52326021619305	-1.68200860526894
US001.14.g	US001.14.g	28	18	US001	14	g	inv	12	14.2	2.2	3.31	0.431	0.238	1.81092437	3.46410161513775	2.65324196460721	0.78845736036427	1.19694818938897	-0.841647188878389	-1.43548460531066
US001.14.m	US001.14.m	15	39	US001	14	m	inv	12	15.5	4.2	5.43	0.761	1.353	0.562453806	3.46410161513775	2.7408400239252	1.43508452528932	1.69193913394584	-0.273121921120451	0.302324349188651
US001.20.g	US001.20.g	42	43	US001	20	g	inv	13	12.3	2.9	3.65	0.602	0.955	0.630366492	3.60555127546399	2.50959926237837	1.06471073699243	1.2947271675944	-0.507497833673316	-0.0460439385014068
US001.22.d	US001.22.d	8	32	US001	22	d	inv	12	11.2	3.4	3.92	0.602	0.531	1.133709981	3.46410161513775	2.41591377830105	1.22377543162212	1.36609165380237	-0.507497833673316	-0.632993257740198
US001.22.g	US001.22.g	21	35	US001	22	g	inv	12	16.4	4.7	5.95	0.528	0.533	0.990619137	3.46410161513775	2.79728133483015	1.54756250871601	1.78339121955754	-0.638658995275876	-0.629233854816292
US001.23.h	US001.23.h	31	24	US001	23	h	inv	12	17.2	3.7	4.33	0.667	0.348	1.916666667	3.46410161513775	2.84490938381941	1.30833281965018	1.4655675420144	-0.404965233066513	-1.05555279920766
US001.23.i	US001.23.i	22	46	US001	23	i	inv	13	13.1	3.2	4.5	0.513	0.327	1.568807339	3.60555127546399	2.57261223020711	1.16315080980568	1.50407739677627	-0.667479433811368	-1.11779510808488
US001.3.d	US001.3.d	32	30	US001	3	d	inv	10	15.2	5.2	4.64	0.508	0.393	1.292620865	3.16227766016838	2.72129542785223	1.64865862558738	1.53471436623816	-0.677273831403655	-0.933945667112876
US002.1.f	US002.1.f	31	32	US002	1	f	inv	13	14.2	4.5	3.36	0.465	0.274	1.697080292	3.60555127546399	2.65324196460721	1.50407739677627	1.21194097397511	-0.765717873394781	-1.29462717259407
US002.1.h	US002.1.h	32	3	US002	1	h	inv	12	15.1	3.9	4.41	0.718	0.718	1	3.46410161513775	2.71469474382088	1.3609765531356	1.48387468945875	-0.331285709933913	-0.331285709933913
US002.22.e	US002.22.e	28	4	US002	22	e	inv	13	17.6	4.2	3.65	0.745	0.339	2.197640118	3.60555127546399	2.86789890204411	1.43508452528932	1.2947271675944	-0.294371060602578	-1.08175517160169
US002.24.j	US002.24.j	42	26	US002	24	j	inv	14	16	3.8	4.59	0.768	0.996	0.771084337	3.74165738677394	2.77258872223978	1.33500106673234	1.52388002407245	-0.263965545834465	-0.00400802139753882
US002.5.a	US002.5.a	15	38	US002	5	a	inv	11	13.6	2.9	5.5	0.507	0.575	0.88173913	3.3166247903554	2.61006979274201	1.06471073699243	1.70474809223843	-0.679244275390954	-0.553385238184787
US002.5.d	US002.5.d	8	15	US002	5	d	inv	13	11	2.3	4.57	0.374	0.29	1.289655172	3.60555127546399	2.39789527279837	0.832909122935104	1.51951320490611	-0.983499481567605	-1.23787435600162
US002.5.e	US002.5.e	21	39	US002	5	e	inv	11	10.7	2.6	4.8	0.446	0.417	1.069544365	3.3166247903554	2.37024374146786	0.955511445027436	1.56861591791385	-0.807436326962073	-0.874669057183336
US002.5.g	US002.5.g	22	5	US002	5	g	inv	13	15.6	4.2	6.16	0.711	0.492	1.445121951	3.60555127546399	2.74727091425549	1.43508452528932	1.81807677754543	-0.341082849178896	-0.709276562489829
US003.19.f	US003.19.f	42	5	US003	19	f	inv	12	13.5	4.4	3.61	0.512	0.614	0.833876221	3.46410161513775	2.60268968544438	1.48160454092422	1.28370777234479	-0.669430653942629	-0.487760350834995
US003.20.c	US003.20.c	28	36	US003	20	c	inv	12	15.2	3.3	2.98	0.438	0.313	1.399361022	3.46410161513775	2.72129542785223	1.19392246847243	1.09192330051731	-0.825536368605691	-1.16155208844198
US003.20.e	US003.20.e	31	10	US003	20	e	inv	13	18.8	3.5	4.98	0.607	0.283	2.144876325	3.60555127546399	2.9338568698359	1.25276296849537	1.60542989103656	-0.499226487922639	-1.2623083813389
US003.20.h	US003.20.h	22	6	US003	20	h	inv	9	15.1	2.5	2.61	0.32	0.241	1.32780083	3	2.71469474382088	0.916290731874155	0.959350221334602	-1.13943428318836	-1.42295834549148
US003.27.e	US003.27.e	21	45	US003	27	e	inv	10	13.6	3.4	3.36	0.364	0.162	2.24691358	3.16227766016838	2.61006979274201	1.22377543162212	1.21194097397511	-1.0106014113454	-1.82015894374975
US003.28.b	US003.28.b	8	16	US003	28	b	inv	9	17.4	5.5	2.7	0.468	0.307	1.524429967	3	2.85647020622048	1.70474809223843	0.993251773010283	-0.75928698306449	-1.18090753139494
US003.6.e	US003.6.e	15	27	US003	6	e	inv	8	8.9	3	2.33	0.16	0.225	0.711111111	2.82842712474619	2.18605127673809	1.09861228866811	0.845868267577609	-1.83258146374831	-1.49165487677772
US003.6.g	US003.6.g	32	39	US003	6	g	inv	8	15.4	3.6	2.12	0.237	0.326	0.726993865	2.82842712474619	2.73436750941958	1.28093384546206	0.751416088683921	-1.43969513784701	-1.12085789761543
US011.8.j	US011.8.j	22	20	US011	8	j	inv	12	11.1	4.1	5.12	0.869	0.308	2.821428571	3.46410161513775	2.40694510831829	1.41098697371026	1.63315443905142	-0.140412153716745	-1.17765549600856
US011.8.k	US011.8.k	12	15	US011	8	k	inv	7	10.3	1.8	1.6	0.085	0.006	14.16666667	2.64575131106459	2.33214389523559	0.587786664902119	0.470003629245736	-2.46510402249182	-5.11599580975408
US012.28.d	US012.28.d	15	3	US012	28	d	inv	7	18	2.5	3.22	0.304	0.446	0.68161435	2.64575131106459	2.89037175789616	0.916290731874155	1.16938135955632	-1.19072757757592	-0.807436326962073
US012.31.i	US012.31.i	28	39	US012	31	i	inv	6	8	1.7	1.11	0.097	0.021	4.619047619	2.44948974278318	2.07944154167984	0.53062825106217	0.104360015324243	-2.33304430047875	-3.86323284125871
US014.16.d	US014.16.d	22	30	US014	16	d	inv	10	16	2.5	3.16	0.514	0.288	1.784722222	3.16227766016838	2.77258872223978	0.916290731874155	1.15057202759882	-0.665532013526972	-1.24479479884619
US014.16.h	US014.16.h	11	35	US014	16	h	inv	9	14.2	3.6	3.24	0.372	0.131	2.839694656	3	2.65324196460721	1.28093384546206	1.17557332980424	-0.988861424708991	-2.03255795578099
US014.16.l	US014.16.l	15	30	US014	16	l	inv	9	13.9	2.6	3.32	0.345	0.114	3.026315789	3	2.63188884013665	0.955511445027436	1.1999647829284	-1.06421086195078	-2.17155683058764
US014.22.d	US014.22.d	31	43	US014	22	d	inv	9	14.5	2.6	2.91	0.343	0.194	1.768041237	3	2.67414864942653	0.955511445027436	1.0681530811834	-1.0700248318162	-1.63989711991881
US015.13.e	US015.13.e	31	49	US015	13	e	inv	3	8.1	1.1	1.35	0.022	0.002	11	1.73205080756888	2.09186406167839	0.0953101798043249	0.300104592450338	-3.81671282562382	-6.21460809842219
US015.15.b	US015.15.b	21	37	US015	15	b	inv	10	16.2	2	3.36	0.449	0.254	1.767716535	3.16227766016838	2.78501124223834	0.693147180559945	1.21194097397511	-0.800732391239883	-1.3704210119636
US015.15.i	US015.15.i	22	38	US015	15	i	inv	8	11.8	2.3	3.54	0.199	0.112	1.776785714	2.82842712474619	2.46809953147162	0.832909122935104	1.26412672714568	-1.61445045425764	-2.18925640768704
US015.17.c	US015.17.c	32	28	US015	17	c	inv	11	15.8	4.2	4.1	0.681	0.326	2.088957055	3.3166247903554	2.76000994003292	1.43508452528932	1.41098697371026	-0.384192972832625	-1.12085789761543
US015.17.d	US015.17.d	8	35	US015	17	d	inv	9	13.5	4.7	3.96	0.416	0.218	1.908256881	3	2.60268968544438	1.54756250871601	1.37624402526639	-0.877070018720874	-1.52326021619305
US015.17.i	US015.17.i	2	30	US015	17	i	inv	7	11.9	2.5	2.78	0.29	0.182	1.593406593	2.64575131106459	2.47653840011748	0.916290731874155	1.02245092770255	-1.23787435600162	-1.70374859190534
US015.3.b	US015.3.b	28	29	US015	3	b	inv	14	11.1	3.7	4.01	0.673	0.439	1.533029613	3.74165738677394	2.40694510831829	1.30833281965018	1.38879124131848	-0.396009949337409	-0.823255865906966
US021.3.a	US021.3.a	24	25	US021	3	a	inv	12	14.4	3.8	2.89	0.55	0.306	1.797385621	3.46410161513775	2.66722820658195	1.33500106673234	1.06125650212434	-0.59783700075562	-1.18417017702976
US022.17.e	US022.17.e	10	26	US022	17	e	inv	11	10.6	2.4	3.57	0.345	0.214	1.612149533	3.3166247903554	2.36085400111802	0.8754687373539	1.27256559579155	-1.06421086195078	-1.54177926396029
US022.23.a	US022.23.a	8	30	US022	23	a	inv	7	10.4	2.1	NA	0.225	NA	NA	2.64575131106459	2.34180580614733	0.741937344729377	NA	-1.49165487677772	NA
US022.42.b	US022.42.b	14	11	US022	42	b	inv	12	15.5	3.5	4.49	0.587	0.696	0.843390805	3.46410161513775	2.7408400239252	1.25276296849537	1.50185270175416	-0.532730459154041	-0.362405618647717
US022.42.e	US022.42.e	32	10	US022	42	e	inv	9	13.4	3.8	5.94	0.671	0.989	0.678463094	3	2.59525470695687	1.33500106673234	1.78170913337455	-0.398986142010455	-0.0110609473594249
US022.42.f	US022.42.f	43	46	US022	42	f	inv	13	16.2	3	3.81	0.493	0.282	1.74822695	3.60555127546399	2.78501124223834	1.09861228866811	1.33762918913861	-0.707246104939447	-1.26584820804402
US023.34.f	US023.34.f	21	36	US023	34	f	inv	12	13.8	4.6	4.63	0.808	0.503	1.606361829	3.46410161513775	2.62466859216316	1.52605630349505	1.53255686809814	-0.213193220461042	-0.687165108882398
