"alt" "bio1" "bio10" "bio11" "bio12" "bio13" "bio14" "bio15" "bio16" "bio17" "bio18" "bio19" "bio2" "bio3" "bio4" "bio5" "bio6" "bio7" "bio8" "bio9" "Origin" "PopID"
"BG001" 61 121 211 31 519 60 35 17 160 112 120 135 72 26 7087 260 -11 271 91 62 "nat" "BG001"
"CA001" 24 100 161 41 1035 153 30 51 449 110 110 406 86 39 4700 224 7 217 48 161 "inv" "CA001"
"CA007" 599 73 178 -33 501 59 31 21 158 101 123 145 124 34 8165 277 -82 359 -25 130 "inv" "CA007"
"CA008" 1308 39 141 -61 455 52 28 22 139 94 118 127 116 33 7893 236 -112 348 -54 -6 "inv" "CA008"
"GR001" 1 159 255 65 445 54 17 29 153 67 69 128 112 34 7388 336 10 326 121 250 "nat" "GR001"
"GR002" 492 131 224 39 490 58 24 25 159 81 92 140 100 32 7227 297 -8 305 55 220 "nat" "GR002"
"GR003" 106 142 231 58 579 88 13 44 234 66 66 218 95 32 6800 302 13 289 74 231 "nat" "GR003"
"HU001" 176 106 200 3 573 69 33 23 182 107 178 121 91 29 7700 267 -40 307 185 20 "nat" "HU001"
"RO001" 5 119 213 23 424 45 28 13 118 89 110 100 70 25 7457 260 -20 280 85 28 "nat" "RO001"
"RO002" 2 121 213 26 448 49 30 14 129 95 113 108 71 25 7361 261 -17 278 88 30 "nat" "RO002"
"RO003" 18 116 213 16 418 46 27 15 123 85 116 94 75 25 7690 265 -27 292 193 23 "nat" "RO003"
"RO004" 7 111 213 6 387 47 22 22 125 78 122 88 70 23 8129 263 -34 297 195 12 "nat" "RO004"
"RO005" 81 107 211 -7 483 68 27 29 171 88 163 95 95 28 8514 278 -54 332 195 6 "nat" "RO005"
"RU001" 134 44 205 -129 342 39 19 20 106 62 106 72 116 24 13191 291 -189 480 205 -117 "nat" "RU001"
"RU002" 13 71 235 -102 216 24 13 17 68 44 56 54 112 23 13277 320 -162 482 -4 -92 "nat" "RU002"
"RU003" 41 174 285 61 200 30 3 54 79 12 12 74 119 33 8804 356 1 355 71 285 "nat" "RU003"
"RU004" 141 9 158 -142 662 80 29 29 221 98 221 126 86 19 11565 233 -199 432 158 -61 "nat" "RU004"
"RU005" 12 71 235 -102 217 24 13 17 68 44 57 54 112 23 13289 320 -162 482 -4 -93 "nat" "RU005"
"RU008" 525 88 200 -25 567 88 20 46 238 72 221 73 102 29 8829 269 -75 344 181 -17 "nat" "RU008"
"TR001" 253 130 221 39 612 77 25 30 217 88 100 194 105 34 7167 301 -5 306 56 217 "nat" "TR001"
"TR003" 1764 62 157 -44 462 62 8 47 174 30 53 139 133 36 7827 264 -104 368 56 156 "nat" "TR003"
"TR004" 2066 78 187 -27 647 97 6 57 251 24 24 201 100 29 8450 267 -76 343 7 187 "nat" "TR004"
"TR005" 2031 59 169 -57 539 81 15 43 208 55 55 123 115 30 8850 262 -116 378 44 169 "nat" "TR005"
"UA001" 263 79 203 -49 527 63 29 21 166 110 158 134 82 23 9920 262 -92 354 186 8 "nat" "UA001"
"UA002" 218 81 205 -46 523 62 29 20 163 109 156 133 81 22 9903 264 -89 353 188 11 "nat" "UA002"
"UA003" 96 81 193 -38 621 84 35 27 221 119 221 133 81 24 9054 251 -79 330 193 -28 "nat" "UA003"
"UA004" 114 80 194 -36 553 75 31 29 200 111 197 123 82 24 9065 255 -78 333 180 82 "nat" "UA004"
"UA005" 87 90 214 -39 522 61 30 21 161 107 158 137 83 23 9942 275 -81 356 198 19 "nat" "UA005"
"UA006" 52 110 214 10 419 43 27 15 118 88 118 106 93 29 8001 283 -34 317 214 47 "nat" "UA006"
"UA007" 159 82 199 -35 526 69 29 27 186 105 180 122 80 23 9158 259 -76 335 181 85 "nat" "UA007"
"UA008" 0 101 217 -13 428 51 25 21 138 85 133 96 89 26 9017 284 -57 341 197 -8 "nat" "UA008"
"US001" 342 103 196 14 294 50 5 60 143 26 28 128 135 39 7155 303 -38 341 18 193 "inv" "US001"
"US002" 208 115 215 19 265 37 7 40 105 31 34 93 130 37 7612 316 -30 346 24 209 "inv" "US002"
"US003" 682 88 183 -3 620 73 24 30 216 87 100 202 129 37 7241 291 -51 342 3 179 "inv" "US003"
"US011" 1892 54 174 -58 332 56 14 46 143 43 96 43 153 36 9014 283 -139 422 93 -58 "inv" "US011"
"US012" 1493 93 207 -17 354 62 8 56 157 27 128 27 162 39 8698 309 -106 415 183 -17 "inv" "US012"
"US013" 1517 91 205 -17 357 63 8 57 159 27 130 27 161 39 8632 307 -105 412 181 -17 "inv" "US013"
"US014" 860 103 231 -22 507 88 11 65 254 33 220 33 163 36 9750 329 -112 441 204 -22 "inv" "US014"
"US015" 1321 83 185 -10 251 29 9 26 78 40 50 65 171 43 7581 313 -83 396 115 178 "inv" "US015"
"US017" 241 162 253 78 1024 195 5 80 514 29 29 512 147 42 6979 364 19 345 83 253 "inv" "US017"
"US018" 1258 70 170 -27 285 34 11 32 99 39 46 97 160 41 7662 290 -92 382 -21 165 "inv" "US018"
"US020" 339 104 214 -6 187 30 5 45 79 22 26 70 129 34 8516 312 -61 373 0 207 "inv" "US020"
"US021" 1720 45 148 -51 457 78 15 52 203 57 171 57 145 39 7778 249 -122 371 122 -51 "inv" "US021"
"US022" 188 119 217 25 226 34 5 45 94 24 28 85 131 38 7458 318 -23 341 30 211 "inv" "US022"
"US023" 1530 93 212 -20 390 70 7 69 195 24 182 24 170 39 8992 316 -111 427 185 -20 "inv" "US023"
"US026" 1390 97 217 -18 345 62 7 61 162 25 136 25 170 38 9095 324 -112 436 191 -18 "inv" "US026"
