Rack	Pos	PopID	Mom	Indiv	Origin	Trt	ID	MsrDayH	LfCountH	BoltedatH	HarvestDay	CrownDiam.mm	RootMass.g	LfCount2	LfYellow2	BoltHt2	LfCount1	LfLgth1	LfWdth1	Yellow	Death	BoltDate	BoltMsrDate	BCount1	MaxBoltHt1	BoltMsrDate2	BCount2	MaxBoltHt2	BoltMsrDate3	BCount3	MaxBoltHt3	FlrDate	FlrColor	FlrNotes	LfCount1.sq	LfLgth1.log	LfWdth1.log	LfCount2.sq	LfCountH.sq	CrownH.log	RootH.log
TR004.14.e	10	2	TR004	14	e	nat	cut	TR004.14.e	76	11	y	76	3.51	0.267	9	n	NA	6	10.4	2.7	NA	NA	69	NA	NA	NA	NA	NA	NA	69	1	4.5	NA			2.44948974278318	2.34180580614733	0.993251773010283	3	3.3166247903554	1.25561603747777	-1.32050662058189
US003.28.c	10	3	US003	28	c	inv	cut	US003.28.c	76	38	n	76	8.92	3.086	31	y	NA	15	11.2	3.1	NA	NA	NA	NA	NA	NA	NA	NA	NA	NA	NA	NA	NA			3.87298334620742	2.41591377830105	1.1314021114911	5.56776436283002	6.16441400296898	2.18829594659192	1.12687575394097
US002.5.b	10	5	US002	5	b	inv	cut	US002.5.b	76	24	n	76	7.3	1.824	20	n	NA	12	9.4	2.6	NA	NA	NA	NA	NA	NA	NA	NA	NA	NA	NA	NA	NA			3.46410161513775	2.24070968927596	0.955511445027436	4.47213595499958	4.89897948556636	1.98787434815435	0.60103189165214
BG001.17.j	10	6	BG001	17	j	nat	cut	BG001.17.j	76	27	n	76	6.74	1.31	20	n	NA	11	8.3	2.6	NA	NA	NA	NA	NA	NA	NA	NA	NA	NA	NA	NA	NA			3.3166247903554	2.11625551480255	0.955511445027436	4.47213595499958	5.19615242270663	1.90805992492422	0.27002713721306
GR001.6.b	10	10	GR001	6	b	nat	cut	GR001.6.b	76	26	n	76	5.62	0.944	11	n	NA	7	11.2	3.8	NA	NA	NA	NA	NA	NA	NA	NA	NA	NA	NA	NA	NA			2.64575131106459	2.41591377830105	1.33500106673234	3.3166247903554	5.09901951359278	1.7263316639056	-0.0576291128366364
CA007.4.a	10	11	CA007	4	a	inv	cut	CA007.4.a	76	36	n	76	10.34	1.682	23	n	NA	NA	NA	NA	15	NA	NA	NA	NA	NA	NA	NA	NA	NA	NA	NA	NA			NA	NA	NA	4.79583152331272	6	2.33601986908028	0.519983561550756
RO002.18.f	10	14	RO002	18	f	nat	cut	RO002.18.f	76	2	y	76	4.95	0.549	19	n	NA	9	10.3	2.3	NA	NA	50	NA	NA	NA	50	1	7.5	69	1	41	NA			3	2.33214389523559	0.832909122935104	4.35889894354067	1.4142135623731	1.5993875765806	-0.599656837472606
GR003.12.d	10	17	GR003	12	d	nat	cut	GR003.12.d	76	33	n	76	8.5	1.247	18	n	NA	8	12.7	2.8	NA	NA	NA	NA	NA	NA	NA	NA	NA	NA	NA	NA	NA			2.82842712474619	2.54160199346455	1.02961941718116	4.24264068711928	5.74456264653803	2.14006616349627	0.220740666697899
UA006.14.e	10	19	UA006	14	e	nat	cut	UA006.14.e	76	5	y	76	6.76	0.951	15	n	NA	6	13.4	3.5	NA	NA	50	NA	NA	NA	50	1	26	69	1	32.6	NA			2.44948974278318	2.59525470695687	1.25276296849537	3.87298334620742	2.23606797749979	1.91102289005487	-0.0502412164367468
RO003.21.e	10	20	RO003	21	e	nat	cut	RO003.21.e	76	30	n	76	6.87	2.118	15	y	NA	11	10.7	3.1	NA	NA	NA	NA	NA	NA	NA	NA	NA	NA	NA	NA	NA			3.3166247903554	2.37024374146786	1.1314021114911	3.87298334620742	5.47722557505166	1.92716410623426	0.750472247179215
GR002.13.c	10	23	GR002	13	c	nat	cut	GR002.13.c	76	17	n	76	4.03	1.009	14	y	NA	8	15.1	2.6	NA	NA	NA	NA	NA	NA	NA	NA	NA	NA	NA	NA	NA			2.82842712474619	2.71469474382088	0.955511445027436	3.74165738677394	4.12310562561766	1.39376637595859	0.0089597413714718
TR001.19.c	10	24	TR001	19	c	nat	cut	TR001.19.c	76	0	y	76	6.85	1.261	18	n	NA	9	12	2.7	NA	NA	29	NA	NA	NA	38	1	21.1	69	1	21.1	NA		bolt cut	3	2.484906649788	0.993251773010283	4.24264068711928	0	1.92424865227413	0.231905056982782
US022.41.f	10	26	US022	41	f	inv	cut	US022.41.f	76	31	n	76	5.69	1.597	18	y	NA	NA	NA	NA	15	NA	NA	NA	NA	NA	NA	NA	NA	NA	NA	NA	NA			NA	NA	NA	4.24264068711928	5.56776436283002	1.73871024813824	0.468126869232875
RU008.19.k	10	27	RU008	19	k	nat	cut	RU008.19.k	76	50	n	76	6.94	1.354	22	n	NA	13	18.6	4.6	NA	NA	NA	NA	NA	NA	NA	NA	NA	NA	NA	NA	NA			3.60555127546399	2.92316158071916	1.52605630349505	4.69041575982343	7.07106781186548	1.93730177451871	0.303063174490083
RO004.13.d	10	30	RO004	13	d	nat	cut	RO004.13.d	76	28	n	76	7.16	1.609	16	n	NA	11	10.2	2.5	NA	NA	NA	NA	NA	NA	NA	NA	NA	NA	NA	NA	NA			3.3166247903554	2.32238772029023	0.916290731874155	4	5.29150262212918	1.96850998097255	0.475612868010246
UA004.15.h	10	31	UA004	15	h	nat	cut	UA004.15.h	76	38	n	76	7.82	2.127	23	y	NA	12	12.3	2.4	NA	NA	NA	NA	NA	NA	NA	NA	NA	NA	NA	NA	NA			3.46410161513775	2.50959926237837	0.8754687373539	4.79583152331272	6.16441400296898	2.05668455455722	0.7547125362181
US001.3.g	10	33	US001	3	g	inv	cut	US001.3.g	76	30	n	76	6.4	1.408	18	n	NA	11	12.2	3.6	NA	NA	NA	NA	NA	NA	NA	NA	NA	NA	NA	NA	NA			3.3166247903554	2.50143595173921	1.28093384546206	4.24264068711928	5.47722557505166	1.85629799036563	0.342170257735851
US015.2.b	10	36	US015	2	b	inv	cut	US015.2.b	76	39	n	76	7.85	2.385	20	n	NA	12	13.3	4.1	NA	NA	NA	NA	NA	NA	NA	NA	NA	NA	NA	NA	NA			3.46410161513775	2.58776403522771	1.41098697371026	4.47213595499958	6.2449979983984	2.06051353179432	0.869199124340304
UA003.8.a	10	39	UA003	8	a	nat	cut	UA003.8.a	76	25	n	76	8.12	2.811	17	n	NA	10	15.1	3.2	NA	NA	NA	NA	NA	NA	NA	NA	NA	NA	NA	NA	NA			3.16227766016838	2.71469474382088	1.16315080980568	4.12310562561766	5	2.09433015417359	1.03354029192439
RU001.10.i	10	40	RU001	10	i	nat	cut	RU001.10.i	76	59	n	76	7.04	2.926	21	n	NA	10	13	2.2	15	NA	NA	NA	NA	NA	NA	NA	NA	NA	NA	NA	NA			3.16227766016838	2.56494935746154	0.78845736036427	4.58257569495584	7.68114574786861	1.95160817016995	1.07363630259793
CA001.2.j	10	41	CA001	2	j	inv	cut	CA001.2.j	76	18	n	76	5.51	2.015	19	y	NA	12	11.3	3.4	NA	NA	NA	NA	NA	NA	NA	NA	NA	NA	NA	NA	NA			3.46410161513775	2.42480272571829	1.22377543162212	4.35889894354067	4.24264068711928	1.70656462316482	0.700619195398646
RO005.17.c	10	42	RO005	17	c	nat	cut	RO005.17.c	76	36	n	76	6.88	1.231	21	n	NA	10	10.8	2.2	NA	NA	NA	NA	NA	NA	NA	NA	NA	NA	NA	NA	NA			3.16227766016838	2.37954613413017	0.78845736036427	4.58257569495584	6	1.92861865194525	0.207826847202317
RO001.13.d	10	43	RO001	13	d	nat	cut	RO001.13.d	76	23	n	76	8.37	1.047	22	n	NA	11	12.6	4	15	NA	NA	NA	NA	NA	NA	NA	NA	NA	NA	NA	NA			3.3166247903554	2.53369681395743	1.38629436111989	4.69041575982343	4.79583152331272	2.12465388450138	0.0459289318883997
US026.23.b	10	44	US026	23	b	inv	cut	US026.23.b	76	20	n	76	6.46	1.361	14	n	NA	9	15.4	4.4	NA	NA	NA	NA	NA	NA	NA	NA	NA	NA	NA	NA	NA			3	2.73436750941958	1.48160454092422	3.74165738677394	4.47213595499958	1.86562931779451	0.308219723669329
HU001.24.f	10	45	HU001	24	f	nat	cut	HU001.24.f	76	26	n	76	7.12	1.393	18	n	NA	12	17	5.6	15	NA	NA	NA	NA	NA	NA	NA	NA	NA	NA	NA	NA			3.46410161513775	2.83321334405622	1.7227665977411	4.24264068711928	5.09901951359278	1.96290772542388	0.331459694797669
RU002.6.b	10	47	RU002	6	b	nat	cut	RU002.6.b	76	27	n	76	5.82	2.119	22	y	NA	NA	NA	NA	NA	NA	NA	NA	NA	NA	NA	NA	NA	NA	NA	NA	NA			NA	NA	NA	4.69041575982343	5.19615242270663	1.76130026174335	0.750944279286162
UA008.18.e	10	48	UA008	18	e	nat	cut	UA008.18.e	76	20	n	76	6.02	0.768	15	n	NA	NA	NA	NA	NA	NA	NA	NA	NA	NA	NA	NA	NA	NA	NA	NA	NA			NA	NA	NA	3.87298334620742	4.47213595499958	1.79508725932073	-0.263965545834465
US014.22.h	10	49	US014	22	h	inv	cut	US014.22.h	76	19	n	76	5.48	1.009	15	n	NA	9	13.1	1.9	NA	NA	NA	NA	NA	NA	NA	NA	NA	NA	NA	NA	NA			3	2.57261223020711	0.641853886172395	3.87298334620742	4.35889894354067	1.70110510095992	0.0089597413714718
UA002.18.e	10	50	UA002	18	e	nat	cut	UA002.18.e	76	26	n	76	7.85	1.572	17	n	NA	NA	NA	NA	NA	NA	NA	NA	NA	NA	NA	NA	NA	NA	NA	NA	NA			NA	NA	NA	4.12310562561766	5.09901951359278	2.06051353179432	0.452348694007015
CA007.2.a	11	2	CA007	2	a	inv	cut	CA007.2.a	77	13	y	77	6.79	1.435	19	n	NA	NA	NA	NA	NA	NA	NA	NA	NA	NA	NA	NA	NA	NA	NA	NA	NA	NA	NA	NA	NA	NA	4.35889894354067	3.60555127546399	1.9154509415706	0.361164849211584
RO005.25.f	11	4	RO005	25	f	nat	cut	RO005.25.f	77	31	n	77	6.72	1.047	18	y	NA	9	13.8	3.2	15	NA	NA	NA	NA	NA	NA	NA	NA	NA	NA	NA	NA			3	2.62466859216316	1.16315080980568	4.24264068711928	5.56776436283002	1.90508815453506	0.0459289318883997
UA003.9A.a	11	5	UA003	9A	a	nat	cut	UA003.9A.a	77	25	y	77	8.47	2.659	16	n	NA	10	15.1	3.4	NA	NA	NA	NA	NA	NA	NA	NA	NA	NA	NA	NA	NA			3.16227766016838	2.71469474382088	1.22377543162212	4	5	2.13653050866396	0.977950112260883
CA001.2.c	11	6	CA001	2	c	inv	cut	CA001.2.c	77	27	n	77	9.21	1.519	20	n	NA	11	12.1	3.5	NA	NA	NA	NA	NA	NA	NA	NA	NA	NA	NA	NA	NA			3.3166247903554	2.4932054526027	1.25276296849537	4.47213595499958	5.19615242270663	2.22028985026722	0.418052223613636
TR003.2.f	11	8	TR003	2	f	nat	cut	TR003.2.f	77	24	y	77	5.28	0.408	17	n	NA	9	10.2	1.9	NA	NA	NA	NA	NA	NA	NA	NA	NA	NA	NA	NA	NA			3	2.32238772029023	0.641853886172395	4.12310562561766	4.89897948556636	1.66392609771817	-0.896488104577975
HU001.14.k	11	9	HU001	14	k	nat	cut	HU001.14.k	77	41	n	77	7.01	1.245	15	n	NA	7	13.4	2.2	NA	NA	NA	NA	NA	NA	NA	NA	NA	NA	NA	NA	NA			2.64575131106459	2.59525470695687	0.78845736036427	3.87298334620742	6.40312423743285	1.9473377010465	0.219135529916671
US001.3.i	11	10	US001	3	i	inv	cut	US001.3.i	77	27	n	77	8.08	3.233	17	n	NA	11	13.6	4	NA	NA	NA	NA	NA	NA	NA	NA	NA	NA	NA	NA	NA			3.3166247903554	2.61006979274201	1.38629436111989	4.12310562561766	5.19615242270663	2.089391872533	1.1734104987433
RU008.21.d	11	11	RU008	21	d	nat	cut	RU008.21.d	77	24	y	77	7.15	1.093	20	n	NA	11	12.8	2.2	NA	NA	69	NA	NA	NA	NA	NA	NA	69	1	8.5	NA			3.3166247903554	2.54944517092557	0.78845736036427	4.47213595499958	4.89897948556636	1.96711235670592	0.0889262091944015
CA007.20.a	11	12	CA007	20	a	inv	cut	CA007.20.a	NA	NA		NA	NA	NA	NA	NA	NA	12	13.4	4.1	15	NA	50	NA	NA	NA	50	1	18	69	1	31	NA			3.46410161513775	2.59525470695687	1.41098697371026	NA	NA	NA	NA
US022.42.k	11	13	US022	42	k	inv	cut	US022.42.k	77	28	n	77	7.72	1.841	19	n	NA	11	12.9	2.1	NA	NA	NA	NA	NA	NA	NA	NA	NA	NA	NA	NA	NA			3.3166247903554	2.55722731136763	0.741937344729377	4.35889894354067	5.29150262212918	2.04381436403668	0.610308902250941
GR003.3.g	11	14	GR003	3	g	nat	cut	GR003.3.g	77	37	n	77	6.66	1.146	24	n	NA	10	15.2	2.9	NA	NA	NA	NA	NA	NA	NA	NA	NA	NA	NA	NA	NA			3.16227766016838	2.72129542785223	1.06471073699243	4.89897948556636	6.08276253029822	1.8961194845523	0.136277618292548
US011.8.b	11	15	US011	8	b	inv	cut	US011.8.b	77	NA	n	77	6.57	1.448	14	n	NA	11	19.4	3.9	15	NA	NA	NA	NA	NA	NA	NA	NA	NA	NA	NA	NA			3.3166247903554	2.96527306606928	1.3609765531356	3.74165738677394	NA	1.88251383249652	0.370183293963525
US020.27.b	11	17	US020	27	b	inv	cut	US020.27.b	77	32	n	77	8.23	1.527	18	n	NA	8	14	2.9	NA	NA	NA	NA	NA	NA	NA	NA	NA	NA	NA	NA	NA			2.82842712474619	2.63905732961526	1.06471073699243	4.24264068711928	5.65685424949238	2.10778601468898	0.423305026236495
TR001.10.h	11	20	TR001	10	h	nat	cut	TR001.10.h	77	31	n	77	5.77	1.404	14	n	NA	10	13.9	3.5	NA	NA	NA	NA	NA	NA	NA	NA	NA	NA	NA	NA	NA			3.16227766016838	2.63188884013665	1.25276296849537	3.74165738677394	5.56776436283002	1.75267208052001	0.339325305603619
US023.41.i	11	21	US023	41	i	inv	cut	US023.41.i	NA	NA		NA	NA	NA	NA	NA	NA	NA	NA	NA	NA	NA	NA	NA	NA	NA	NA	NA	NA	NA	NA	NA	NA			NA	NA	NA	NA	NA	NA	NA
GR002.2.j	11	23	GR002	2	j	nat	cut	GR002.2.j	77	0	y	77	6.91	1.098	20	n	13.7	14	13.2	3.1	15	NA	15	18	1	13.7	39	1	39.8	69	1	42	63	white		3.74165738677394	2.58021682959233	1.1314021114911	4.47213595499958	0	1.93296963777958	0.093490343087339
US002.24.b	11	24	US002	24	b	inv	cut	US002.24.b	77	35	n	77	7.42	0.891	19	n	NA	10	12.8	2.6	NA	NA	NA	NA	NA	NA	NA	NA	NA	NA	NA	NA	NA			3.16227766016838	2.54944517092557	0.955511445027436	4.35889894354067	5.91607978309962	2.00417905717929	-0.115410851511328
UA005.3.b	11	25	UA005	3	b	nat	cut	UA005.3.b	77	21	n	77	6.96	0.764	18	n	NA	13	14	4.1	15	NA	NA	NA	NA	NA	NA	NA	NA	NA	NA	NA	NA			3.60555127546399	2.63905732961526	1.41098697371026	4.24264068711928	4.58257569495584	1.94017947434633	-0.269187489815617
RU005.11.e	11	26	RU005	11	e	nat	cut	RU005.11.e	77	32	n	77	7.3	3.178	21	n	NA	12	11.9	2.6	NA	NA	NA	NA	NA	NA	NA	NA	NA	NA	NA	NA	NA			3.46410161513775	2.47653840011748	0.955511445027436	4.58257569495584	5.65685424949238	1.98787434815435	1.15625206811452
US003.6.i	11	27	US003	6	i	inv	cut	US003.6.i	77	15	n	77	5.86	0.775	14	n	NA	8	12.6	3.1	NA	NA	NA	NA	NA	NA	NA	NA	NA	NA	NA	NA	NA			2.82842712474619	2.53369681395743	1.1314021114911	3.74165738677394	3.87298334620742	1.76814960358892	-0.25489224962879
US012.31.f	11	29	US012	31	f	inv	cut	US012.31.f	77	15	n	77	4.77	0.129	15	n	NA	5	11.3	2.1	NA	NA	NA	NA	NA	NA	NA	NA	NA	NA	NA	NA	NA			2.23606797749979	2.42480272571829	0.741937344729377	3.87298334620742	3.87298334620742	1.56234630490025	-2.04794287462046
RO004.20.d	11	30	RO004	20	d	nat	cut	RO004.20.d	77	34	n	77	6.78	3.509	20	n	NA	12	10.1	3.2	15	NA	69	NA	NA	NA	NA	NA	NA	69	1	8.5	NA			3.46410161513775	2.31253542384721	1.16315080980568	4.47213595499958	5.8309518948453	1.9139771019523	1.25533109660108
RO002.22.f	11	32	RO002	22	f	nat	cut	RO002.22.f	77	27	n	77	7.63	1.68	16	n	NA	10	14.5	3.9	15	NA	NA	NA	NA	NA	NA	NA	NA	NA	NA	NA	NA			3.16227766016838	2.67414864942653	1.3609765531356	4	5.19615242270663	2.03208784529637	0.518793793415168
RO003.11.e	11	34	RO003	11	e	nat	cut	RO003.11.e	77	0	n	77	6.08	0.72	20	n	NA	9	14.2	3.5	NA	NA	29	NA	NA	NA	39	1	28.4	69	1	37	NA			3	2.65324196460721	1.25276296849537	4.47213595499958	0	1.80500469597808	-0.328504066972036
US014.17.c	11	35	US014	17	c	inv	cut	US014.17.c	77	18	n	77	6.84	0.854	15	n	NA	NA	NA	NA	NA	NA	NA	NA	NA	NA	NA	NA	NA	NA	NA	NA	NA			NA	NA	NA	3.87298334620742	4.24264068711928	1.92278773163446	-0.157824085193567
US018.31.a	11	36	US018	31	a	inv	cut	US018.31.a	77	25	n	77	7.42	1.714	17	n	NA	8	13.5	3	NA	NA	NA	NA	NA	NA	NA	NA	NA	NA	NA	NA	NA			2.82842712474619	2.60268968544438	1.09861228866811	4.12310562561766	5	2.00417905717929	0.538829820175588
US015.3.k	11	37	US015	3	k	inv	cut	US015.3.k	77	23	n	77	7.69	0.702	18	n	NA	10	11.8	2.9	15	NA	NA	NA	NA	NA	NA	NA	NA	NA	NA	NA	NA			3.16227766016838	2.46809953147162	1.06471073699243	4.24264068711928	4.79583152331272	2.03992078351755	-0.353821874956326
UA006.14.b	11	38	UA006	14	b	nat	cut	UA006.14.b	77	24	n	77	7.42	1.693	14	y	NA	9	16.8	3.2	NA	NA	NA	NA	NA	NA	NA	NA	NA	NA	NA	NA	NA			3	2.82137888640921	1.16315080980568	3.74165738677394	4.89897948556636	2.00417905717929	0.526502103150998
RO001.21.d	11	39	RO001	21	d	nat	cut	RO001.21.d	77	22	n	77	6.4	2.241	16	n	NA	8	15	3	NA	NA	NA	NA	NA	NA	NA	NA	NA	NA	NA	NA	NA			2.82842712474619	2.70805020110221	1.09861228866811	4	4.69041575982343	1.85629799036563	0.80692219481879
UA001.22.c	11	41	UA001	22	c	nat	cut	UA001.22.c	77	35	n	77	7.62	2.599	19	 n	NA	11	10.3	2.6	NA	NA	NA	NA	NA	NA	NA	NA	NA	NA	NA	NA	NA			3.3166247903554	2.33214389523559	0.955511445027436	4.35889894354067	5.91607978309962	2.03077636969855	0.955126755659353
CA008.5.a	11	43	CA008	5	a	inv	cut	CA008.5.a	77	54	n	77	9.29	2.596	28	n	NA	15	11.4	2.1	15	NA	NA	NA	NA	NA	NA	NA	NA	NA	NA	NA	NA			3.87298334620742	2.43361335540045	0.741937344729377	5.29150262212918	7.34846922834953	2.22893855282575	0.953971798841844
US026.24.c	11	45	US026	24	c	inv	cut	US026.24.c	77	19	n	77	6.19	1.074	15	n	NA	8	10.5	1.9	15	NA	NA	NA	NA	NA	NA	NA	NA	NA	NA	NA	NA			2.82842712474619	2.35137525716348	0.641853886172395	3.87298334620742	4.35889894354067	1.8229350866965	0.071389996086673
TR004.2.b	11	47	TR004	2	b	nat	cut	TR004.2.b	77	7	n	77	4.53	0.221	11	n	NA	7	7.3	1.6	NA	NA	NA	NA	NA	NA	NA	NA	NA	NA	NA	NA	NA			2.64575131106459	1.98787434815435	0.470003629245736	3.3166247903554	2.64575131106459	1.51072193949494	-1.50959257746438
BG001.25.e	11	48	BG001	25	e	nat	cut	BG001.25.e	77	9	n	77	7.23	0.744	16	n	NA	11	12.5	2.6	NA	NA	39	NA	NA	NA	NA	NA	NA	69	1	17	NA			3.3166247903554	2.52572864430826	0.955511445027436	4	3	1.97823903617067	-0.295714244149045
GR001.26.c	11	49	GR001	26	c	nat	cut	GR001.26.c	77	30	n	77	7.82	2.49	14	n	NA	7	14.2	1.9	NA	NA	NA	NA	NA	NA	NA	NA	NA	NA	NA	NA	NA			2.64575131106459	2.65324196460721	0.641853886172395	3.74165738677394	5.47722557505166	2.05668455455722	0.912282710476616
UA004.5.a	11	50	UA004	5	a	nat	cut	UA004.5.a	77	57	n	77	9.54	5.202	18	n	NA	12	10.2	2.4	15	NA	NA	NA	NA	NA	NA	NA	NA	NA	NA	NA	NA			3.46410161513775	2.32238772029023	0.8754687373539	4.24264068711928	7.54983443527075	2.2554934854602	1.64904316702646
GR001.28.h	16	3	GR001	28	h	nat	cut	GR001.28.h	77	25	n	77	7.33	0.83	14	n	NA	9	16.6	3.5	NA	NA	NA	NA	NA	NA	NA	NA	NA	NA	NA	NA	NA			3	2.8094026953625	1.25276296849537	3.74165738677394	5	1.99197551589856	-0.186329578191493
RO004.13.b	16	4	RO004	13	b	nat	cut	RO004.13.b	77	24	n	77	6.51	1.232	15	y	NA	9	13.7	3.6	NA	NA	NA	NA	NA	NA	NA	NA	NA	NA	NA	NA	NA			3	2.61739583283408	1.28093384546206	3.87298334620742	4.89897948556636	1.87333945622048	0.208638865111328
TR003.24.b	16	5	TR003	24	b	nat	cut	TR003.24.b	77	6	n	77	2.85	0.079	13	n	NA	7	8.1	1.3	NA	NA	NA	NA	NA	NA	NA	NA	NA	NA	NA	NA	NA			2.64575131106459	2.09186406167839	0.262364264467491	3.60555127546399	2.44948974278318	1.04731899428056	-2.53830742651512
RO001.6.j	16	6	RO001	6	j	nat	cut	RO001.6.j	77	8	n	77	6.3	0.843	16	y	NA	12	15.5	3.2	NA	NA	53	NA	NA	NA	53	1	9	69	1	39.5	NA			3.46410161513775	2.7408400239252	1.16315080980568	4	2.82842712474619	1.84054963339749	-0.170788320980282
BG001.25.h	16	8	BG001	25	h	nat	cut	BG001.25.h	77	0	n	77	6.84	1.666	21	n	NA	13	11.2	2.9	NA	NA	38	NA	NA	NA	38	1	6.5	69	1	31.5	NA			3.60555127546399	2.41591377830105	1.06471073699243	4.58257569495584	0	1.92278773163446	0.510425543744651
UA001.25.f	16	9	UA001	25	f	nat	cut	UA001.25.f	77	30	n	77	6.76	0.793	21	n	NA	13	9.5	1.8	NA	NA	NA	NA	NA	NA	NA	NA	NA	NA	NA	NA	NA			3.60555127546399	2.2512917986065	0.587786664902119	4.58257569495584	5.47722557505166	1.91102289005487	-0.231932057347289
GR003.10.b	16	12	GR003	10	b	nat	cut	GR003.10.b	77	14	y	77	6.92	0.947	11	y	33.3	8	13.7	3.7	15	NA	11	18	1	33.3	38	1	30.4	69	1	33	57	white		2.82842712474619	2.61739583283408	1.30833281965018	3.3166247903554	3.74165738677394	1.93441576962958	-0.0544561857960589
RO002.12.o	16	13	RO002	12	o	nat	cut	RO002.12.o	77	31	n	77	6.49	1.314	18	y	NA	10	11.6	2	15	NA	NA	NA	NA	NA	NA	NA	NA	NA	NA	NA	NA			3.16227766016838	2.45100509811232	0.693147180559945	4.24264068711928	5.56776436283002	1.870262530716	0.273075920062419
US011.8.g	16	14	US011	8	g	inv	cut	US011.8.g	77	26	n	77	8.32	1.39	21	y	NA	11	14.9	5.5	NA	NA	NA	NA	NA	NA	NA	NA	NA	NA	NA	NA	NA			3.3166247903554	2.70136121295141	1.70474809223843	4.58257569495584	5.09901951359278	2.11866225483312	0.3293037471426
TR001.24.i	16	15	TR001	24	i	nat	cut	TR001.24.i	77	30	n	77	8.66	1.026	16	n	NA	8	17	3.1	NA	NA	NA	NA	NA	NA	NA	NA	NA	NA	NA	NA	NA			2.82842712474619	2.83321334405622	1.1314021114911	4	5.47722557505166	2.15871472257434	0.0256677467485778
UA004.18.b	16	16	UA004	18	b	nat	cut	UA004.18.b	77	31	n	77	6.17	1.157	19	y	NA	13	14.8	2.3	NA	NA	NA	NA	NA	NA	NA	NA	NA	NA	NA	NA	NA			3.60555127546399	2.69462718077007	0.832909122935104	4.35889894354067	5.56776436283002	1.8196988379173	0.14583044821154
RU004.8.a	16	17	RU004	8	a	nat	cut	RU004.8.a	77	23	n	77	6.46	0.67	17	n	NA	8	13.1	2.1	NA	NA	NA	NA	NA	NA	NA	NA	NA	NA	NA	NA	NA			2.82842712474619	2.57261223020711	0.741937344729377	4.12310562561766	4.79583152331272	1.86562931779451	-0.400477566597125
CA001.3.j	16	18	CA001	3	j	inv	cut	CA001.3.j	77	34	y	77	6.58	2.563	20	y	NA	13	17.3	3.7	NA	NA	NA	NA	NA	NA	NA	NA	NA	NA	NA	NA	NA			3.60555127546399	2.85070650150373	1.30833281965018	4.47213595499958	5.8309518948453	1.88403474533723	0.941178447381934
RU003.3.b	16	19	RU003	3	b	nat	cut	RU003.3.b	77	28	n	77	8.29	0.966	18	n	NA	12	12.8	2.5	NA	NA	NA	NA	NA	NA	NA	NA	NA	NA	NA	NA	NA			3.46410161513775	2.54944517092557	0.916290731874155	4.24264068711928	5.29150262212918	2.1150499691472	-0.0345914447696191
US003.19.e	16	22	US003	19	e	inv	cut	US003.19.e	77	27	n	77	6.73	1.748	17	n	NA	11	10.3	2.5	15	NA	NA	NA	NA	NA	NA	NA	NA	NA	NA	NA	NA			3.3166247903554	2.33214389523559	0.916290731874155	4.12310562561766	5.19615242270663	1.90657514365664	0.558472277233344
TR005.18.a	16	25	TR005	18	a	nat	cut	TR005.18.a	77	5	n	77	5.09	0.365	11	y	NA	10	10.5	3.1	NA	NA	NA	NA	NA	NA	NA	NA	NA	NA	NA	NA	NA			3.16227766016838	2.35137525716348	1.1314021114911	3.3166247903554	2.23606797749979	1.62727783056243	-1.00785792539965
UA006.22.b	16	28	UA006	22	b	nat	cut	UA006.22.b	77	38	n	77	7.57	0.639	14	y	NA	NA	NA	NA	NA	NA	NA	NA	NA	NA	NA	NA	NA	NA	NA	NA	NA			NA	NA	NA	3.74165738677394	6.16441400296898	2.02419306744936	-0.447850824604602
US021.8.d	16	30	US021	8	d	inv	cut	US021.8.d	77	30	n	77	7.53	1.664	14	n	NA	8	15.9	3.9	NA	NA	NA	NA	NA	NA	NA	NA	NA	NA	NA	NA	NA			2.82842712474619	2.76631910922619	1.3609765531356	3.74165738677394	5.47722557505166	2.0188950418118	0.509224342399017
US001.14.a	16	32	US001	14	a	inv	cut	US001.14.a	77	31	n	77	7.43	1.53	20	y	NA	13	15.2	3.3	NA	NA	NA	NA	NA	NA	NA	NA	NA	NA	NA	NA	NA			3.60555127546399	2.72129542785223	1.19392246847243	4.47213595499958	5.56776436283002	2.00552585872967	0.425267735404344
CA008.2.d	16	33	CA008	2	d	inv	cut	CA008.2.d	77	28	n	77	6.71	2.388	17	n	NA	10	14.2	2.6	NA	NA	NA	NA	NA	NA	NA	NA	NA	NA	NA	NA	NA			3.16227766016838	2.65324196460721	0.955511445027436	4.12310562561766	5.29150262212918	1.90359895098359	0.870456195530356
RO003.9.f	16	34	RO003	9	f	nat	cut	RO003.9.f	77	18	y	77	7.07	0.917	18	n	NA	8	13.6	2.7	NA	NA	53	NA	NA	NA	53	4.3	NA	69	1	32	NA			2.82842712474619	2.61006979274201	0.993251773010283	4.24264068711928	4.24264068711928	1.95586047990848	-0.0866478067256722
RU001.10.e	16	36	RU001	10	e	nat	cut	RU001.10.e	77	13	n	77	6.11	0.598	14	y	NA	7	10	1.5	NA	NA	NA	NA	NA	NA	NA	NA	NA	NA	NA	NA	NA			2.64575131106459	2.30258509299405	0.405465108108164	3.74165738677394	3.60555127546399	1.8099267731835	-0.514164525031505
US002.17.c	16	37	US002	17	c	inv	cut	US002.17.c	NA	NA		77	7.55	1.389	26	y	NA	17	16.2	4.6	NA	NA	NA	NA	NA	NA	NA	NA	NA	NA	NA	NA	NA			4.12310562561766	2.78501124223834	1.52605630349505	5.09901951359278	NA	2.02154756326093	0.328584063772207
HU001.14.h	16	39	HU001	14	h	nat	cut	HU001.14.h	77	30	n	77	7.45	1.873	17	n	NA	11	15.6	4.9	NA	NA	NA	NA	NA	NA	NA	NA	NA	NA	NA	NA	NA			3.3166247903554	2.74727091425549	1.58923520511658	4.12310562561766	5.47722557505166	2.00821403239147	0.627541423461951
US020.42.b	16	40	US020	42	b	inv	cut	US020.42.b	77	24	n	77	8.12	1.052	15	n	NA	10	15	3.1	15	NA	NA	NA	NA	NA	NA	NA	NA	NA	NA	NA	NA			3.16227766016838	2.70805020110221	1.1314021114911	3.87298334620742	4.89897948556636	2.09433015417359	0.0506931143155182
UA005.18.e	16	41	UA005	18	e	nat	cut	UA005.18.e	77	24	n	77	6.76	1.335	20	n	NA	10	12.9	2.6	NA	NA	NA	NA	NA	NA	NA	NA	NA	NA	NA	NA	NA			3.16227766016838	2.55722731136763	0.955511445027436	4.47213595499958	4.89897948556636	1.91102289005487	0.288931291852213
RU008.18.c	16	43	RU008	18	c	nat	cut	RU008.18.c	77	29	n	77	7.68	1.619	17	n	NA	12	13.1	2.5	NA	NA	NA	NA	NA	NA	NA	NA	NA	NA	NA	NA	NA			3.46410161513775	2.57261223020711	0.916290731874155	4.12310562561766	5.3851648071345	2.03861954715958	0.481808674695498
RO005.15.c	16	44	RO005	15	c	nat	cut	RO005.15.c	77	36	n	77	6.32	1.743	18	y	NA	9	12.9	2.8	NA	NA	NA	NA	NA	NA	NA	NA	NA	NA	NA	NA	NA			3	2.55722731136763	1.02961941718116	4.24264068711928	6	1.84371920815877	0.555607766537884
US014.16.c	16	46	US014	16	c	inv	cut	US014.16.c	77	24	n	77	8.84	0.796	17	n	NA	10	15.4	5.3	NA	NA	NA	NA	NA	NA	NA	NA	NA	NA	NA	NA	NA			3.16227766016838	2.73436750941958	1.66770682055808	4.12310562561766	4.89897948556636	2.17928687664955	-0.228156093137754
US015.3.a	16	47	US015	3	a	inv	cut	US015.3.a	77	22	n	77	8.72	1.185	17	n	NA	13	14	2.9	NA	NA	NA	NA	NA	NA	NA	NA	NA	NA	NA	NA	NA			3.60555127546399	2.63905732961526	1.06471073699243	4.12310562561766	4.69041575982343	2.16561923792089	0.169742774587095
UA003.6.j	16	48	UA003	6	j	nat	cut	UA003.6.j	77	15	n	77	6.56	0.804	14	n	NA	9	13.5	3.7	NA	NA	NA	NA	NA	NA	NA	NA	NA	NA	NA	NA	NA			3	2.60268968544438	1.30833281965018	3.74165738677394	3.87298334620742	1.880990602956	-0.218156009803171
TR004.18.g	16	49	TR004	18	g	nat	cut	TR004.18.g	77	16	n	77	6.27	0.677	11	n	NA	8	11.8	3.3	NA	NA	NA	NA	NA	NA	NA	NA	NA	NA	NA	NA	NA			2.82842712474619	2.46809953147162	1.19392246847243	3.3166247903554	4	1.83577635464483	-0.390084006069862
US023.34.a	16	50	US023	34	a	inv	cut	US023.34.a	77	27	n	77	6.03	1.885	15	y	NA	8	14.1	4.7	NA	NA	NA	NA	NA	NA	NA	NA	NA	NA	NA	NA	NA			2.82842712474619	2.64617479738412	1.54756250871601	3.87298334620742	5.19615242270663	1.79674701073909	0.633927820899974
RU002.1.f	33	1	RU002	1	f	nat	cut	RU002.1.f	76	39	n	76	7.39	1.967	26	n	NA	14	18.6	4.3	NA	NA	NA	NA	NA	NA	NA	NA	NA	NA	NA	NA	NA			3.74165738677394	2.92316158071916	1.45861502269952	5.09901951359278	6.2449979983984	2.00012773496011	0.676509539406922
RO005.15.i	33	2	RO005	15	i	nat	cut	RO005.15.i	76	35	n	76	5.74	0.919	15	n	NA	8	14.5	2.4	NA	NA	NA	NA	NA	NA	NA	NA	NA	NA	NA	NA	NA			2.82842712474619	2.67414864942653	0.8754687373539	3.87298334620742	5.91607978309962	1.74745921033147	-0.08446915662645
GR001.14.i	33	4	GR001	14	i	nat	cut	GR001.14.i	76	25	n	76	7.16	1.019	13	n	NA	9	12.3	2.9	NA	NA	NA	NA	NA	NA	NA	NA	NA	NA	NA	NA	NA			3	2.50959926237837	1.06471073699243	3.60555127546399	5	1.96850998097255	0.0188217542405877
TR004.14.i	33	7	TR004	14	i	nat	cut	TR004.14.i	76	11	n	76	6.01	0.447	12	n	NA	11	14.1	3.4	NA	NA	NA	NA	NA	NA	NA	NA	NA	NA	NA	NA	NA			3.3166247903554	2.64617479738412	1.22377543162212	3.46410161513775	3.3166247903554	1.79342474854712	-0.805196684368568
RU008.19.b	33	8	RU008	19	b	nat	cut	RU008.19.b	76	43	n	76	8.27	2.017	20	n	NA	12	14.5	3.5	NA	NA	NA	NA	NA	NA	NA	NA	NA	NA	NA	NA	NA			3.46410161513775	2.67414864942653	1.25276296849537	4.47213595499958	6.557438524302	2.1126345090356	0.701611258972075
RU001.2.g	33	10	RU001	2	g	nat	cut	RU001.2.g	76	33	n	76	8.92	3.358	21	n	NA	14	13.7	3.3	NA	NA	NA	NA	NA	NA	NA	NA	NA	NA	NA	NA	NA			3.74165738677394	2.61739583283408	1.19392246847243	4.58257569495584	5.74456264653803	2.18829594659192	1.21134555865535
CA001.6.a	33	11	CA001	6	a	inv	cut	CA001.6.a	76	38	n	76	9.32	2.362	18	n	NA	10	17.6	4.6	NA	NA	NA	NA	NA	NA	NA	NA	NA	NA	NA	NA	NA			3.16227766016838	2.86789890204411	1.52605630349505	4.24264068711928	6.16441400296898	2.2321626286975	0.859508717775171
BG001.25.f	33	12	BG001	25	f	nat	cut	BG001.25.f	76	35	n	76	7.01	1.624	19	n	NA	12	15.2	3.5	NA	NA	NA	NA	NA	NA	NA	NA	NA	NA	NA	NA	NA			3.46410161513775	2.72129542785223	1.25276296849537	4.35889894354067	5.91607978309962	1.9473377010465	0.484892241739486
US014.16.f	33	14	US014	16	f	inv	cut	US014.16.f	76	27	n	76	6.34	2.59	14	n	NA	9	14	2.3	NA	NA	NA	NA	NA	NA	NA	NA	NA	NA	NA	NA	NA			3	2.63905732961526	0.832909122935104	3.74165738677394	5.19615242270663	1.84687876844913	0.951657875711446
US001.22.h	33	17	US001	22	h	inv	cut	US001.22.h	76	34	n	76	6.18	1.887	22	n	NA	12	14.6	3.8	NA	NA	NA	NA	NA	NA	NA	NA	NA	NA	NA	NA	NA			3.46410161513775	2.68102152871429	1.33500106673234	4.69041575982343	5.8309518948453	1.8213182714696	0.634988266386413
UA005.15.e	33	20	UA005	15	e	nat	cut	UA005.15.e	76	0	n	76	6.92	1.254	14	n	NA	9	10.5	3	NA	NA	53	NA	NA	NA	53	1	17.5	69	1	37	NA			3	2.35137525716348	1.09861228866811	3.74165738677394	0	1.93441576962958	0.226338442210729
US026.35.a	33	21	US026	35	a	inv	cut	US026.35.a	76	21	n	76	4.63	1.29	12	n	NA	4	10	1.5	NA	NA	NA	NA	NA	NA	NA	NA	NA	NA	NA	NA	NA			2	2.30258509299405	0.405465108108164	3.46410161513775	4.58257569495584	1.53255686809814	0.254642218373581
TR001.12.c	33	23	TR001	12	c	nat	cut	TR001.12.c	76	34	n	76	6.74	2.022	15	n	NA	12	20.5	2.8	15	NA	NA	NA	NA	NA	NA	NA	NA	NA	NA	NA	NA			3.46410161513775	3.02042488614436	1.02961941718116	3.87298334620742	5.8309518948453	1.90805992492422	0.70408712059828
RO003.9.d	33	24	RO003	9	d	nat	cut	RO003.9.d	76	15	n	76	6.69	0.948	17	n	NA	11	12.2	2.3	NA	NA	53	NA	NA	NA	53	1	27.7	69	1	33.5	NA			3.3166247903554	2.50143595173921	0.832909122935104	4.12310562561766	3.87298334620742	1.90061387414014	-0.0534007767271153
RU003.3.d	33	25	RU003	3	d	nat	cut	RU003.3.d	76	32	n	76	6.85	2.39	18	n	NA	12	13.4	2.1	NA	NA	NA	NA	NA	NA	NA	NA	NA	NA	NA	NA	NA			3.46410161513775	2.59525470695687	0.741937344729377	4.24264068711928	5.65685424949238	1.92424865227413	0.871293365943419
RU004.6.b	33	26	RU004	6	b	nat	cut	RU004.6.b	76	35	y	76	7.2	2.04	17	n 	NA	11	15	2.5	NA	NA	NA	NA	NA	NA	NA	NA	NA	NA	NA	NA	NA			3.3166247903554	2.70805020110221	0.916290731874155	4.12310562561766	5.91607978309962	1.97408102602201	0.712949807856125
RO001.13.i	33	27	RO001	13	i	nat	cut	RO001.13.i	76	27	n	76	6.73	1.591	16	n	NA	9	15.8	3.1	NA	NA	NA	NA	NA	NA	NA	NA	NA	NA	NA	NA	NA			3	2.76000994003292	1.1314021114911	4	5.19615242270663	1.90657514365664	0.46436274935565
UA003.7A.e	33	28	UA003	7A	e	nat	cut	UA003.7A.e	76	18	y	76	9.2	2.811	13	n	NA	9	14.8	2.9	NA	NA	69	NA	NA	NA	NA	NA	NA	69	1	3.5	NA			3	2.69462718077007	1.06471073699243	3.60555127546399	4.24264068711928	2.21920348405499	1.03354029192439
UA004.27.g	33	29	UA004	27	g	nat	cut	UA004.27.g	76	32	n	76	8.37	1.548	19	n	NA	14	13.6	2.1	15	NA	NA	NA	NA	NA	NA	NA	NA	NA	NA	NA	NA			3.74165738677394	2.61006979274201	0.741937344729377	4.35889894354067	5.65685424949238	2.12465388450138	0.436963775167535
GR003.10.d	33	30	GR003	10	d	nat	cut	GR003.10.d	76	25	y	76	7.76	1.348	16	n	NA	8	13.2	3.2	NA	NA	53	NA	NA	NA	53	1	2.6	69	1	32.5	NA			2.82842712474619	2.58021682959233	1.16315080980568	4	5	2.04898233419513	0.298622012490115
RO002.12.g	33	32	RO002	12	g	nat	cut	RO002.12.g	76	20	n	76	7.06	0.731	16	n	NA	8	13.4	2.1	NA	NA	NA	NA	NA	NA	NA	NA	NA	NA	NA	NA	NA			2.82842712474619	2.59525470695687	0.741937344729377	4	4.47213595499958	1.95444505150515	-0.313341819232359
RO004.13.h	33	33	RO004	13	h	nat	cut	RO004.13.h	76	39	n	76	8.64	1.405	22	n	NA	13	13.5	2.1	NA	NA	NA	NA	NA	NA	NA	NA	NA	NA	NA	NA	NA			3.60555127546399	2.60268968544438	0.741937344729377	4.69041575982343	6.2449979983984	2.15640258281596	0.340037302785709
TR003.6.a	33	35	TR003	6	a	nat	cut	TR003.6.a	76	20	n	76	4.58	0.179	12	n	NA	6	14.4	1.1	15	NA	NA	NA	NA	NA	NA	NA	NA	NA	NA	NA	NA			2.44948974278318	2.66722820658195	0.0953101798043249	3.46410161513775	4.47213595499958	1.52169899812609	-1.72036947314138
US002.22.a	33	39	US002	22	a	inv	cut	US002.22.a	76	23	n	76	7.18	1.321	18	n	NA	13	16.9	3.1	NA	NA	NA	NA	NA	NA	NA	NA	NA	NA	NA	NA	NA			3.60555127546399	2.82731362192903	1.1314021114911	4.24264068711928	4.79583152331272	1.97129938306013	0.278389025540188
UA008.25.h	33	41	UA008	25	h	nat	cut	UA008.25.h	76	19	y	76	5.6	1.344	13	n	NA	NA	NA	NA	NA	NA	53	NA	NA	NA	53	1	5.5	69	1	45	NA			NA	NA	NA	3.60555127546399	4.35889894354067	1.7227665977411	0.295650242100958
HU001.14.d	33	44	HU001	14	d	nat	cut	HU001.14.d	76	40	n	76	6.63	1.712	21	n	NA	13	10	4.6	NA	NA	NA	NA	NA	NA	NA	NA	NA	NA	NA	NA	NA			3.60555127546399	2.30258509299405	1.52605630349505	4.58257569495584	6.32455532033676	1.89160480419777	0.53766227771955
US012.28.e	33	46	US012	28	e	inv	cut	US012.28.e	76	12	n	76	4.06	0.321	8	n	NA	NA	NA	NA	NA	NA	NA	NA	NA	NA	NA	NA	NA	NA	NA	NA	NA			NA	NA	NA	2.82842712474619	3.46410161513775	1.40118297361364	-1.13631415585212
US003.20.g	33	47	US003	20	g	inv	cut	US003.20.g	76	29	n	76	6.39	1.568	16	n	NA	11	15.6	3.6	NA	NA	NA	NA	NA	NA	NA	NA	NA	NA	NA	NA	NA			3.3166247903554	2.74727091425549	1.28093384546206	4	5.3851648071345	1.85473426838944	0.449800921928216
CA008.4.b	33	49	CA008	4	b	inv	cut	CA008.4.b	76	39	y	76	6.68	1.174	17	n	NA	10	13.5	3.4	NA	NA	NA	NA	NA	NA	NA	NA	NA	NA	NA	NA	NA			3.16227766016838	2.60268968544438	1.22377543162212	4.12310562561766	6.2449979983984	1.89911798754855	0.160416721405905
GR002.8.a	33	50	GR002	8	a	nat	cut	GR002.8.a	76	22	y	76	7.36	1.09	16	n	NA	11	12.1	3.1	NA	NA	53	NA	NA	NA	53	1	4.4	69	1	31.5	NA			3.3166247903554	2.4932054526027	1.1314021114911	4	4.69041575982343	1.99605993274078	0.0861776962410524
TR001.12.a	38	2	TR001	12	a	nat	cut	TR001.12.a	76	7	y	76	6.73	1.391	18	n	NA	11	16	4.5	NA	NA	53	NA	NA	NA	53	1	40	69	1	40	NA			3.3166247903554	2.77258872223978	1.50407739677627	4.24264068711928	2.64575131106459	1.90657514365664	0.330022912941306
CA001.4.j	38	4	CA001	4	j	inv	cut	CA001.4.j	76	27	n	76	5.27	1.291	16	n	NA	10	13.5	4	NA	NA	NA	NA	NA	NA	NA	NA	NA	NA	NA	NA	NA			3.16227766016838	2.60268968544438	1.38629436111989	4	5.19615242270663	1.66203036255327	0.255417111864505
UA003.9A.f	38	5	UA003	9A	f	nat	cut	UA003.9A.f	76	15	n	76	6.89	2.12	16	n	NA	12	15	5.5	NA	NA	NA	NA	NA	NA	NA	NA	NA	NA	NA	NA	NA			3.46410161513775	2.70805020110221	1.70474809223843	4	3.87298334620742	1.93007108502557	0.751416088683921
GR002.13.j	38	7	GR002	13	j	nat	cut	GR002.13.j	76	25	n	76	8.29	1.458	17	n	NA	8	5	4.4	NA	NA	NA	NA	NA	NA	NA	NA	NA	NA	NA	NA	NA			2.82842712474619	1.6094379124341	1.48160454092422	4.12310562561766	5	2.1150499691472	0.377065633586466
RO003.11.f	38	9	RO003	11	f	nat	cut	RO003.11.f	76	35	n	76	7.43	1.013	18	n	NA	10	14.6	3.6	NA	NA	NA	NA	NA	NA	NA	NA	NA	NA	NA	NA	NA			3.16227766016838	2.68102152871429	1.28093384546206	4.24264068711928	5.91607978309962	2.00552585872967	0.0129162252665462
UA005.7.e	38	11	UA005	7	e	nat	cut	UA005.7.e	76	41	n	76	4.44	1.069	19	n	NA	12	19	5.5	NA	NA	NA	NA	NA	NA	NA	NA	NA	NA	NA	NA	NA			3.46410161513775	2.94443897916644	1.70474809223843	4.35889894354067	6.40312423743285	1.49065437644413	0.0667236320429081
TR004.8.i	38	13	TR004	8	i	nat	cut	TR004.8.i	76	20	n	76	3.96	0.196	13		NA	7	15.5	3	15	NA	NA	NA	NA	NA	NA	NA	NA	NA	NA	NA	NA			2.64575131106459	2.7408400239252	1.09861228866811	3.60555127546399	4.47213595499958	1.37624402526639	-1.62964061975162
UA001.11.a	38	15	UA001	11	a	nat	cut	UA001.11.a	76	12	y	76	7.85	0.942	19	n	NA	13	16.5	4	NA	NA	53	NA	NA	NA	53	1	24.5	69	1	39	NA			3.60555127546399	2.80336038090653	1.38629436111989	4.35889894354067	3.46410161513775	2.06051353179432	-0.059750004405774
US022.17.h	38	16	US022	17	h	inv	cut	US022.17.h	76	19	n	76	6.44	3.17	20	n	NA	13	19.7	6	NA	NA	NA	NA	NA	NA	NA	NA	NA	NA	NA	NA	NA			3.60555127546399	2.98061863574394	1.79175946922805	4.47213595499958	4.35889894354067	1.86252854011626	1.15373158788919
BG001.29.g	38	17	BG001	29	g	nat	cut	BG001.29.g	76	37	n	76	7.41	1.53	24	n	NA	13	15	4	NA	NA	NA	NA	NA	NA	NA	NA	NA	NA	NA	NA	NA			3.60555127546399	2.70805020110221	1.38629436111989	4.89897948556636	6.08276253029822	2.002830439308	0.425267735404344
GR001.26.g	38	18	GR001	26	g	nat	cut	GR001.26.g	76	0	y	76	4.35	0.549	14	n	6.1	8	17	3.8	NA	NA	18	18	1	6.1	NA	1	38.5	69	1	39.5	63	white		2.82842712474619	2.83321334405622	1.33500106673234	3.74165738677394	0	1.47017584510059	-0.599656837472606
RO005.17.d	38	20	RO005	17	d	nat	cut	RO005.17.d	76	21	y	76	6.35	0.774	15	n	NA	10	14.9	4.5	NA	NA	69	NA	NA	NA	NA	NA	NA	69	1	27	NA			3.16227766016838	2.70136121295141	1.50407739677627	3.87298334620742	4.58257569495584	1.8484548129046	-0.25618340539241
GR003.3.a	38	23	GR003	3	a	nat	cut	GR003.3.a	76	5	y	76	6.3	0.732	3	n	44.9	9	13	3.5	15	NA	18	18	1	44.9	39	1	42.3	69	1	47.5	43	white		3	2.56494935746154	1.25276296849537	1.73205080756888	2.23606797749979	1.84054963339749	-0.311974765020825
US012.29.a	38	24	US012	29	a	inv	cut	US012.29.a	76	25	n	76	5.94	0.745	11	n	NA	8	18.5	6	NA	NA	NA	NA	NA	NA	NA	NA	NA	NA	NA	NA	NA			2.82842712474619	2.91777073208428	1.79175946922805	3.3166247903554	5	1.78170913337455	-0.294371060602578
UA006.10.d	38	25	UA006	10	d	nat	cut	UA006.10.d	76	33	n	76	6.17	0.626	16	n	NA	8	18.3	5	NA	NA	NA	NA	NA	NA	NA	NA	NA	NA	NA	NA	NA			2.82842712474619	2.90690105984738	1.6094379124341	4	5.74456264653803	1.8196988379173	-0.468404907882039
RU008.21.i	38	27	RU008	21	i	nat	cut	RU008.21.i	76	46	n	76	6.6	1.726	22	n	NA	15	18	4	NA	NA	NA	NA	NA	NA	NA	NA	NA	NA	NA	NA	NA			3.87298334620742	2.89037175789616	1.38629436111989	4.69041575982343	6.78232998312527	1.88706964903238	0.545806592661236
RU003.4.d	38	28	RU003	4	d	nat	cut	RU003.4.d	76	29	n	76	7.14	0.649	17	n	NA	12	14.5	3.5	NA	NA	NA	NA	NA	NA	NA	NA	NA	NA	NA	NA	NA			3.46410161513775	2.67414864942653	1.25276296849537	4.12310562561766	5.3851648071345	1.96571277635149	-0.432322562278047
RU005.6.d	38	29	RU005	6	d	nat	cut	RU005.6.d	76	28	n	76	7.94	1.995	23	n	NA	13	17	4	NA	NA	NA	NA	NA	NA	NA	NA	NA	NA	NA	NA	NA			3.60555127546399	2.83321334405622	1.38629436111989	4.79583152331272	5.29150262212918	2.07191327525904	0.690644050341827
US003.28.d	38	30	US003	28	d	inv	cut	US003.28.d	76	23	n	76	7.72	2.381	12	n	NA	11	20	4	NA	NA	NA	NA	NA	NA	NA	NA	NA	NA	NA	NA	NA			3.3166247903554	2.99573227355399	1.38629436111989	3.46410161513775	4.79583152331272	2.04381436403668	0.867520567504726
RO004.21.e	38	31	RO004	21	e	nat	cut	RO004.21.e	76	13	y	76	8.92	1.24	19	n	NA	12	13.1	4	NA	NA	50	NA	NA	NA	50	1	29	69	1	29.5	NA			3.46410161513775	2.57261223020711	1.38629436111989	4.35889894354067	3.60555127546399	2.18829594659192	0.215111379616945
RU001.6.j	38	34	RU001	6	j	nat	cut	RU001.6.j	76	28	n	76	9	1.118	17	n	NA	11	15	3.5	NA	NA	NA	NA	NA	NA	NA	NA	NA	NA	NA	NA	NA			3.3166247903554	2.70805020110221	1.25276296849537	4.12310562561766	5.29150262212918	2.19722457733622	0.111541374732908
HU001.24.a	38	35	HU001	24	a	nat	cut	HU001.24.a	76	14	y	76	7.57	0.707	18	n	NA	10	15.6	2.5	NA	NA	53	NA	NA	NA	53	1	7.3	69	1	33	NA			3.16227766016838	2.74727091425549	0.916290731874155	4.24264068711928	3.74165738677394	2.02419306744936	-0.346724613085564
RO001.28.e	38	36	RO001	28	e	nat	cut	RO001.28.e	76	23	n	76	7.06	0.771	12	n	NA	9	18.3	5.5	NA	NA	NA	NA	NA	NA	NA	NA	NA	NA	NA	NA	NA			3	2.90690105984738	1.70474809223843	3.46410161513775	4.79583152331272	1.95444505150515	-0.260066905418808
US001.3.h	38	37	US001	3	h	inv	cut	US001.3.h	76	35	n	76	6.71	0.231	21	n	NA	11	12.3	3.5	NA	NA	NA	NA	NA	NA	NA	NA	NA	NA	NA	NA	NA			3.3166247903554	2.50959926237837	1.25276296849537	4.58257569495584	5.91607978309962	1.90359895098359	-1.46533756846034
RO002.15.g	38	39	RO002	15	g	nat	cut	RO002.15.g	76	11	n	76	5.19	0.104	8	n	NA	7	16.1	4	NA	NA	NA	NA	NA	NA	NA	NA	NA	NA	NA	NA	NA			2.64575131106459	2.77881927199042	1.38629436111989	2.82842712474619	3.3166247903554	1.6467336971778	-2.26336437984076
TR005.20.g	38	41	TR005	20	g	nat	cut	TR005.20.g	76	27	n	76	5.43	0.844	14	n	NA	NA	NA	NA	NA	NA	NA	NA	NA	NA	NA	NA	NA	NA	NA	NA	NA			NA	NA	NA	3.74165738677394	5.19615242270663	1.69193913394584	-0.16960278438618
UA004.7.e	38	42	UA004	7	e	nat	cut	UA004.7.e	76	19	y	76	8.6	1.282	21	n	NA	12	13.6	4.5	NA	NA	53	NA	NA	NA	53	1	3.9	69	1	13.5	NA			3.46410161513775	2.61006979274201	1.50407739677627	4.58257569495584	4.35889894354067	2.15176220325946	0.248421358498478
TR003.2.a	38	43	TR003	2	a	nat	cut	TR003.2.a	76	4	n	76	4.11	0.184	10	n	NA	7	10.5	3	NA	NA	NA	NA	NA	NA	NA	NA	NA	NA	NA	NA	NA			2.64575131106459	2.35137525716348	1.09861228866811	3.16227766016838	2	1.41342302850814	-1.69281952137315
US015.15.f	38	44	US015	15	f	inv	cut	US015.15.f	76	17	n	76	6.46	0.779	15	n	NA	9	15.5	5	NA	NA	NA	NA	NA	NA	NA	NA	NA	NA	NA	NA	NA			3	2.7408400239252	1.6094379124341	3.87298334620742	4.12310562561766	1.86562931779451	-0.249744233111389
RU002.2.e	38	45	RU002	2	e	nat	cut	RU002.2.e	76	24	n	76	8.02	0.618	18	n	NA	NA	NA	NA	NA	NA	NA	NA	NA	NA	NA	NA	NA	NA	NA	NA	NA			NA	NA	NA	4.24264068711928	4.89897948556636	2.08193842187842	-0.481266821524446
US002.17.h	38	49	US002	17	h	inv	cut	US002.17.h	76	17	n	76	7.37	0.507	12	n	NA	11	19.5	3.5	NA	NA	NA	NA	NA	NA	NA	NA	NA	NA	NA	NA	NA			3.3166247903554	2.9704144655697	1.25276296849537	3.46410161513775	4.12310562561766	1.99741770620125	-0.679244275390954
UA002.15.h	38	50	UA002	15	h	nat	cut	UA002.15.h	76	26	n	76	6.55	1.339	12	n	NA	10	23	5.5	NA	NA	NA	NA	NA	NA	NA	NA	NA	NA	NA	NA	NA			3.16227766016838	3.13549421592915	1.70474809223843	3.46410161513775	5.09901951359278	1.87946504964716	0.291923066709035
RO002.12.e	4	1	RO002	12	e	nat	cut	RO002.12.e	76	24	n	76	7.2	1.304	15	n	NA	9	12.2	3.4	NA	NA	NA	NA	NA	NA	NA	NA	NA	NA	NA	NA	NA			3	2.50143595173921	1.22377543162212	3.87298334620742	4.89897948556636	1.97408102602201	0.265436463504461
RU008.17.g	4	2	RU008	17	g	nat	cut	RU008.17.g	76	84	n	76	9.11	1.393	42	y	NA	14	11	2.2	15	NA	NA	NA	NA	NA	NA	NA	NA	NA	NA	NA	NA			3.74165738677394	2.39789527279837	0.78845736036427	6.48074069840786	9.16515138991168	2.20937271127187	0.331459694797669
RO003.9.e	4	5	RO003	9	e	nat	cut	RO003.9.e	76	0	y	76	7.58	0.713	14	n	NA	10	11.6	2.8	NA	NA	69	NA	NA	NA	NA	NA	NA	69	1	23	NA			3.16227766016838	2.45100509811232	1.02961941718116	3.74165738677394	0	2.02551319965428	-0.338273858567841
UA008.13.i	4	8	UA008	13	i	nat	cut	UA008.13.i	76	24	n	76	7.81	2.024	16	n	NA	NA	NA	NA	NA	NA	NA	NA	NA	NA	NA	NA	NA	NA	NA	NA	NA			NA	NA	NA	4	4.89897948556636	2.05540496385159	0.705075751425219
US014.22.g	4	15	US014	22	g	inv	cut	US014.22.g	76	29	n	76	6.76	2.121	16	n	NA	9	12.7	3.1	NA	NA	NA	NA	NA	NA	NA	NA	NA	NA	NA	NA	NA			3	2.54160199346455	1.1314021114911	4	5.3851648071345	1.91102289005487	0.751887675582545
BG001.22.i	4	19	BG001	22	i	nat	cut	BG001.22.i	76	22	y	76	7.2	1.028	18	n	NA	13	10.3	2.4	NA	NA	53	NA	NA	NA	53	1	4	69	1	32.5	NA			3.60555127546399	2.33214389523559	0.8754687373539	4.24264068711928	4.69041575982343	1.97408102602201	0.0276151670329734
TR001.19.a	4	20	TR001	19	a	nat	cut	TR001.19.a	76	19	n	76	6.16	1.229	20	n	NA	7	11.7	2.4	NA	NA	NA	NA	NA	NA	NA	NA	NA	NA	NA	NA	NA			2.64575131106459	2.45958884180371	0.8754687373539	4.47213595499958	4.35889894354067	1.81807677754543	0.206200830583898
RU001.2.a	4	21	RU001	2	a	nat	cut	RU001.2.a	76	46	n	76	6.36	1.881	24	y	NA	13	11.5	3.3	NA	NA	NA	NA	NA	NA	NA	NA	NA	NA	NA	NA	NA			3.60555127546399	2.4423470353692	1.19392246847243	4.89897948556636	6.78232998312527	1.85002837735203	0.631803550318893
US001.3.j	4	22	US001	3	j	inv	cut	US001.3.j	76	27	n	76	7.56	2.146	17	y	NA	12	13.1	2.4	NA	NA	NA	NA	NA	NA	NA	NA	NA	NA	NA	NA	NA			3.46410161513775	2.57261223020711	0.8754687373539	4.12310562561766	5.19615242270663	2.02287119019144	0.763605644208507
CA001.2.e	4	24	CA001	2	e	inv	cut	CA001.2.e	76	18	n	76	7.46	4.61	16	n	NA	11	15.9	3.8	NA	NA	NA	NA	NA	NA	NA	NA	NA	NA	NA	NA	NA			3.3166247903554	2.76631910922619	1.33500106673234	4	4.24264068711928	2.00955541421567	1.52822785700856
GR003.3.e	4	25	GR003	3	e	nat	cut	GR003.3.e	76	22	n	76	6.86	1.534	17	y	NA	11	12.2	2.4	NA	NA	NA	NA	NA	NA	NA	NA	NA	NA	NA	NA	NA			3.3166247903554	2.50143595173921	0.8754687373539	4.12310562561766	4.69041575982343	1.92570744173779	0.427878702945064
RO005.14.h	4	26	RO005	14	h	nat	cut	RO005.14.h	76	9	y	76	8.64	2.055	24	n	NA	11	16.9	3.4	15	NA	32	NA	NA	NA	39	1	20.6	69	1	33.2	NA			3.3166247903554	2.82731362192903	1.22377543162212	4.89897948556636	3	2.15640258281596	0.720275847948198
UA004.18.i	4	27	UA004	18	i	nat	cut	UA004.18.i	76	47	n	76	12.13	1.749	33	y	NA	20	12.4	2.8	NA	NA	NA	NA	NA	NA	NA	NA	NA	NA	NA	NA	NA			4.47213595499958	2.51769647261099	1.02961941718116	5.74456264653803	6.85565460040104	2.49568172295596	0.559044196036465
UA003.7A.d	4	28	UA003	7A	d	nat	cut	UA003.7A.d	76	30	n	76	6.18	3.183	20	n	NA	9	15.5	3.3	NA	NA	NA	NA	NA	NA	NA	NA	NA	NA	NA	NA	NA			3	2.7408400239252	1.19392246847243	4.47213595499958	5.47722557505166	1.8213182714696	1.15782414829996
HU001.28.c	4	29	HU001	28	c	nat	cut	HU001.28.c	76	48	n	76	9.42	6.434	28	n	NA	19	14.5	4.5	NA	NA	NA	NA	NA	NA	NA	NA	NA	NA	NA	NA	NA			4.35889894354067	2.67414864942653	1.50407739677627	5.29150262212918	6.92820323027551	2.24283508858827	1.86159642881683
TR004.14.h	4	31	TR004	14	h	nat	cut	TR004.14.h	76	18	n	76	7.22	0.671	16	n	NA	11	11.5	2.7	15	NA	NA	NA	NA	NA	NA	NA	NA	NA	NA	NA	NA			3.3166247903554	2.4423470353692	0.993251773010283	4	4.24264068711928	1.97685495290473	-0.398986142010455
RO001.28.g	4	32	RO001	28	g	nat	cut	RO001.28.g	76	39	n	76	7.07	1.209	16	n	NA	8	15	3.3	NA	NA	NA	NA	NA	NA	NA	NA	NA	NA	NA	NA	NA			2.82842712474619	2.70805020110221	1.19392246847243	4	6.2449979983984	1.95586047990848	0.189793571632656
US003.28.g	4	33	US003	28	g	inv	cut	US003.28.g	76	30	n	76	6.54	5.124	16	y	NA	11	18.3	3.5	NA	NA	NA	NA	NA	NA	NA	NA	NA	NA	NA	NA	NA			3.3166247903554	2.90690105984738	1.25276296849537	4	5.47722557505166	1.87793716546911	1.63393538403449
GR001.14.l	4	35	GR001	14	l	nat	cut	GR001.14.l	76	18	y	76	7.14	1.379	14	n	NA	10	15.9	3.6	NA	NA	NA	NA	NA	NA	NA	NA	NA	NA	NA	NA	NA			3.16227766016838	2.76631910922619	1.28093384546206	3.74165738677394	4.24264068711928	1.96571277635149	0.321358598811165
RO004.13.f	4	40	RO004	13	f	nat	cut	RO004.13.f	76	3	n	76	6.55	1.222	19	n	NA	12	10.4	2.3	NA	NA	29	NA	NA	NA	39	1	31.2	69	1	31.2	69	white		3.46410161513775	2.34180580614733	0.832909122935104	4.35889894354067	1.73205080756888	1.87946504964716	0.200488860749404
US021.8.b	4	41	US021	8	b	inv	cut	US021.8.b	76	29	n	76	7.71	2.917	17	n	NA	12	14.5	2.7	NA	NA	NA	NA	NA	NA	NA	NA	NA	NA	NA	NA	NA			3.46410161513775	2.67414864942653	0.993251773010283	4.12310562561766	5.3851648071345	2.04251818757524	1.07055569088558
UA001.25.a	4	45	UA001	25	a	nat	cut	UA001.25.a	76	35	n	76	7.34	1.796	22	y	NA	12	13.5	2.7	15	NA	NA	NA	NA	NA	NA	NA	NA	NA	NA	NA	NA			3.46410161513775	2.60268968544438	0.993251773010283	4.69041575982343	5.91607978309962	1.99333884262642	0.585561969880008
US015.17.g	4	47	US015	17	g	inv	cut	US015.17.g	76	32	n	76	7.29	1.696	22	n	NA	11	9.8	3.4	NA	NA	NA	NA	NA	NA	NA	NA	NA	NA	NA	NA	NA			3.3166247903554	2.28238238567653	1.22377543162212	4.69041575982343	5.65685424949238	1.98650354602057	0.528272537369711
US002.22.c	4	49	US002	22	c	inv	cut	US002.22.c	76	35	n	76	8.28	2.79	15	n	NA	10	16.2	3.1	NA	NA	NA	NA	NA	NA	NA	NA	NA	NA	NA	NA	NA			3.16227766016838	2.78501124223834	1.1314021114911	3.87298334620742	5.91607978309962	2.11384296839717	1.02604159583327
US023.41.b	4	50	US023	41	b	inv	cut	US023.41.b	76	20	n	76	7.29	1.684	12	n	NA	NA	NA	NA	15	NA	NA	NA	NA	NA	NA	NA	NA	NA	NA	NA	NA			NA	NA	NA	3.46410161513775	4.47213595499958	1.98650354602057	0.521171915820135
TR004.18.b	41	1	TR004	18	b	nat	cut	TR004.18.b	76	16	n	76	4.1	0.312	12	n	NA	7	13.1	3.2	NA	NA	NA	NA	NA	NA	NA	NA	NA	NA	NA	NA	NA			2.64575131106459	2.57261223020711	1.16315080980568	3.46410161513775	4	1.41098697371026	-1.16475209117265
CA001.6.h	41	2	CA001	6	h	inv	cut	CA001.6.h	76	26	n	76	8.53	1.346	17	n	NA	10	12.2	4.3	NA	NA	NA	NA	NA	NA	NA	NA	NA	NA	NA	NA	NA			3.16227766016838	2.50143595173921	1.45861502269952	4.12310562561766	5.09901951359278	2.14358936150359	0.297137231222536
UA005.18.b	41	5	UA005	18	b	nat	cut	UA005.18.b	76	36	n	76	6.54	1.052	27	n	NA	16	14.6	3.2	NA	NA	NA	NA	NA	NA	NA	NA	NA	NA	NA	NA	NA			4	2.68102152871429	1.16315080980568	5.19615242270663	6	1.87793716546911	0.0506931143155182
BG001.16.a	41	6	BG001	16	a	nat	cut	BG001.16.a	76	22	n	76	6.07	0.33	17	n	NA	14	14.4	3.7	15	NA	NA	NA	NA	NA	NA	NA	NA	NA	NA	NA	NA			3.74165738677394	2.66722820658195	1.30833281965018	4.12310562561766	4.69041575982343	1.80335860507141	-1.10866262452161
RU001.2.j	41	8	RU001	2	j	nat	cut	RU001.2.j	76	27	n	76	5.91	0.779	23	n	NA	11	18.2	3.2	NA	NA	NA	NA	NA	NA	NA	NA	NA	NA	NA	NA	NA			3.3166247903554	2.90142159408275	1.16315080980568	4.79583152331272	5.19615242270663	1.77664583141801	-0.249744233111389
US018.11.a	41	9	US018	11	a	inv	cut	US018.11.a	76	39	n	76	7.16	1.108	26	n	NA	NA	NA	NA	NA	NA	NA	NA	NA	NA	NA	NA	NA	NA	NA	NA	NA			NA	NA	NA	5.09901951359278	6.2449979983984	1.96850998097255	0.102556588325092
RU004.7.d	41	10	RU004	7	d	nat	cut	RU004.7.d	76	20	n	76	7.34	2.096	18	n	NA	12	18.7	4.6	NA	NA	NA	NA	NA	NA	NA	NA	NA	NA	NA	NA	NA			3.46410161513775	2.92852352386054	1.52605630349505	4.24264068711928	4.47213595499958	1.99333884262642	0.740030766458796
US003.19.d	41	11	US003	19	d	inv	cut	US003.19.d	76	37	n	76	6.13	1.662	24	y	NA	15	13.4	2.2	NA	NA	NA	NA	NA	NA	NA	NA	NA	NA	NA	NA	NA			3.87298334620742	2.59525470695687	0.78845736036427	4.89897948556636	6.08276253029822	1.81319474994812	0.508021696433256
RO001.21.e	41	12	RO001	21	e	nat	cut	RO001.21.e	76	20	y	76	7.31	1.594	19	y	NA	11	13.5	2.5	NA	NA	50	NA	NA	NA	50	1	2.7	69	1	22	NA			3.3166247903554	2.60268968544438	0.916290731874155	4.35889894354067	4.47213595499958	1.98924327376169	0.466246580368023
TR005.9.b	41	13	TR005	9	b	nat	cut	TR005.9.b	76	14	n	76	4.56	0.2	10	y	NA	9	13.9	3.2	NA	NA	NA	NA	NA	NA	NA	NA	NA	NA	NA	NA	NA			3	2.63188884013665	1.16315080980568	3.16227766016838	3.74165738677394	1.51732262352629	-1.6094379124341
RO005.17.k	41	15	RO005	17	k	nat	cut	RO005.17.k	76	25	n	76	6.18	0.507	13	y	NA	7	10.6	2	NA	NA	NA	NA	NA	NA	NA	NA	NA	NA	NA	NA	NA			2.64575131106459	2.36085400111802	0.693147180559945	3.60555127546399	5	1.8213182714696	-0.679244275390954
TR003.14.c	41	16	TR003	14	c	nat	cut	TR003.14.c	76	12	n	76	4.3	0.384	13	n	NA	10	13.7	2.9	NA	NA	NA	NA	NA	NA	NA	NA	NA	NA	NA	NA	NA			3.16227766016838	2.61739583283408	1.06471073699243	3.60555127546399	3.46410161513775	1.45861502269952	-0.95711272639441
GR003.17.b	41	17	GR003	17	b	nat	cut	GR003.17.b	76	20	n	76	6.2	0.63	13	y	NA	8	20.1	3.4	NA	NA	NA	NA	NA	NA	NA	NA	NA	NA	NA	NA	NA			2.82842712474619	3.00071981506503	1.22377543162212	3.60555127546399	4.47213595499958	1.82454929205105	-0.462035459596559
US002.5.j	41	21	US002	5	j	inv	cut	US002.5.j	76	29	n	76	7.86	1.835	18	n	NA	12	16	2	NA	NA	NA	NA	NA	NA	NA	NA	NA	NA	NA	NA	NA			3.46410161513775	2.77258872223978	0.693147180559945	4.24264068711928	5.3851648071345	2.06178660644112	0.607044481506534
UA002.13.e	41	22	UA002	13	e	nat	cut	UA002.13.e	76	33	n	76	7.76	1.104	18	n	NA	10	17.1	3.7	NA	NA	NA	NA	NA	NA	NA	NA	NA	NA	NA	NA	NA			3.16227766016838	2.83907846350861	1.30833281965018	4.24264068711928	5.74456264653803	2.04898233419513	0.0989399478549036
US001.23.e	41	23	US001	23	e	inv	cut	US001.23.e	76	34	n	76	7.61	4.151	18	y	NA	12	17.2	3.2	NA	NA	NA	NA	NA	NA	NA	NA	NA	NA	NA	NA	NA			3.46410161513775	2.84490938381941	1.16315080980568	4.24264068711928	5.8309518948453	2.02946317187359	1.4233492690709
US022.42.c	41	24	US022	42	c	inv	cut	US022.42.c	76	20	n	76	7.08	1.969	15	n	NA	11	15.1	4	15	NA	NA	NA	NA	NA	NA	NA	NA	NA	NA	NA	NA			3.3166247903554	2.71469474382088	1.38629436111989	3.87298334620742	4.47213595499958	1.95727390770563	0.677525799656989
US011.12.a	41	25	US011	12	a	inv	cut	US011.12.a	NA	NA		NA	NA	NA	NA	NA	NA	2	6.1	0.7	NA	11	NA	NA	NA	NA	NA	NA	NA	NA	NA	NA	NA			1.4142135623731	1.80828877117927	-0.356674943938732	NA	NA	NA	NA
CA008.4.f	41	26	CA008	4	f	inv	cut	CA008.4.f	76	11	y	76	4.98	0.278	14	n	NA	8	15.5	2.9	NA	NA	69	NA	NA	NA	NA	NA	NA	69	1	7.5	NA			2.82842712474619	2.7408400239252	1.06471073699243	3.74165738677394	3.3166247903554	1.60542989103656	-1.2801341652915
GR001.14.h	41	27	GR001	14	h	nat	cut	GR001.14.h	76	11	y	76	5.94	0.441	11	n	NA	8	16	3.2	NA	NA	50	NA	NA	NA	50	1	11	69	1	33	NA			2.82842712474619	2.77258872223978	1.16315080980568	3.3166247903554	3.3166247903554	1.78170913337455	-0.818710403535291
UA004.7.g	41	29	UA004	7	g	nat	cut	UA004.7.g	76	31	n	76	8.37	1.419	27	y	NA	17	15.5	3.6	NA	NA	NA	NA	NA	NA	NA	NA	NA	NA	NA	NA	NA			4.12310562561766	2.7408400239252	1.28093384546206	5.19615242270663	5.56776436283002	2.12465388450138	0.349952398177906
RU003.7.e	41	30	RU003	7	e	nat	cut	RU003.7.e	76	24	n	76	5.61	1.28	16	n	NA	11	16.4	4	NA	NA	NA	NA	NA	NA	NA	NA	NA	NA	NA	NA	NA			3.3166247903554	2.79728133483015	1.38629436111989	4	4.89897948556636	1.72455071953461	0.246860077931526
TR001.19.i	41	34	TR001	19	i	nat	cut	TR001.19.i	76	0	y	76	7.41	0.991	9	y	15.5	9	17.1	2.4	NA	NA	18	18	1	15.5	39	1	33.7	69	1	40.5	63	white		3	2.83907846350861	0.8754687373539	3	0	2.002830439308	-0.00904074465214907
RO003.15.j	41	35	RO003	15	j	nat	cut	RO003.15.j	76	24	n	76	7.86	0.486	18	y	NA	10	15.7	3	15	NA	NA	NA	NA	NA	NA	NA	NA	NA	NA	NA	NA			3.16227766016838	2.75366071235426	1.09861228866811	4.24264068711928	4.89897948556636	2.06178660644112	-0.721546655081643
HU001.13.b	41	36	HU001	13	b	nat	cut	HU001.13.b	76	22	n	76	7.43	1.303	14	n	NA	8	18.5	4.8	NA	NA	NA	NA	NA	NA	NA	NA	NA	NA	NA	NA	NA			2.82842712474619	2.91777073208428	1.56861591791385	3.74165738677394	4.69041575982343	2.00552585872967	0.264669298142708
UA003.8.g	41	37	UA003	8	g	nat	cut	UA003.8.g	76	30	n	76	6.03	0.949	12	n	NA	10	16.9	1.3	NA	NA	NA	NA	NA	NA	NA	NA	NA	NA	NA	NA	NA			3.16227766016838	2.82731362192903	0.262364264467491	3.46410161513775	5.47722557505166	1.79674701073909	-0.0523464803722092
RU008.19.h	41	38	RU008	19	h	nat	cut	RU008.19.h	76	27	n	76	7.08	0.887	16	n	NA	13	15.8	4.1	NA	NA	NA	NA	NA	NA	NA	NA	NA	NA	NA	NA	NA			3.60555127546399	2.76000994003292	1.41098697371026	4	5.19615242270663	1.95727390770563	-0.119910296672558
US015.17.a	41	39	US015	17	a	inv	cut	US015.17.a	76	27	n	76	6.42	0.886	14	n	NA	10	17	4.1	NA	NA	NA	NA	NA	NA	NA	NA	NA	NA	NA	NA	NA			3.16227766016838	2.83321334405622	1.41098697371026	3.74165738677394	5.19615242270663	1.85941811770187	-0.121038328377056
US014.16.a	41	40	US014	16	a	inv	cut	US014.16.a	76	31	n	76	7.32	1.624	20	n	NA	12	18	3.2	NA	NA	NA	NA	NA	NA	NA	NA	NA	NA	NA	NA	NA			3.46410161513775	2.89037175789616	1.16315080980568	4.47213595499958	5.56776436283002	1.99061032797322	0.484892241739486
RO004.3.j	41	44	RO004	3	j	nat	cut	RO004.3.j	76	0	y	76	8.04	0.806	9	n	3.7	15	15.5	3	15	NA	10	18	1	3.7	39	1	12	69	1	37.5	NA		bolt cut	3.87298334620742	2.7408400239252	1.09861228866811	3	0	2.08442908319087	-0.215671536475509
GR002.8.e	41	47	GR002	8	e	nat	cut	GR002.8.e	76	8	y	76	5.19	0.482	11	n	13.5	9	13.1	3.7	NA	NA	18	18	1	13.5	39	1	26.7	69	1	26.5	57	white		3	2.57261223020711	1.30833281965018	3.3166247903554	2.82842712474619	1.6467336971778	-0.729811164931537
RO002.18.a	41	49	RO002	18	a	nat	cut	RO002.18.a	76	16	n	76	5.82	0.504	15	n	NA	8	10.9	2.8	15	NA	NA	NA	NA	NA	NA	NA	NA	NA	NA	NA	NA			2.82842712474619	2.3887627892351	1.02961941718116	3.87298334620742	4	1.76130026174335	-0.685179010910768
US020.24.e	41	50	US020	24	e	inv	cut	US020.24.e	76	23	n	76	7.6	0.981	15	n	NA	12	20.6	4.2	15	NA	NA	NA	NA	NA	NA	NA	NA	NA	NA	NA	NA			3.46410161513775	3.02529107579554	1.43508452528932	3.87298334620742	4.79583152331272	2.02814824729229	-0.019182819416774
