PopID	Rack	Pos	Mom	Indiv	Origin	Trt	ID	MsrDayH	LfCountH	BoltedatH	HarvestDay	CrownDiam.mm	RootMass.g	LfCount2	LfYellow2	BoltHt2	LfCount1	LfLgth1	LfWdth1	Yellow	Death	BoltDate	BoltMsrDate	BCount1	MaxBoltHt1	BoltMsrDate2	BCount2	MaxBoltHt2	BoltMsrDate3	BCount3	MaxBoltHt3	FlrDate	FlrColor	FlrNotes	LfCount1.sq	LfLgth1.log	LfWdth1.log	LfCount2.sq	LfCountH.sq	CrownH.log	RootH.log	Latitude	Longitude	bolt.bin
1	BG001	16	8	25	h	nat	cut	BG001.25.h	77	0	y	77	6.84	1.666	21	n	NA	13	11.2	2.9	NA	NA	38	NA	NA	NA	38	1	6.5	69	1	31.5	NA			3.60555127546399	2.41591377830105	1.06471073699243	4.58257569495584	0	1.92278773163446	0.510425543744651	43.3819444444444	28.4575	1
2	BG001	10	6	17	j	nat	cut	BG001.17.j	76	27	n	76	6.74	1.31	20	n	NA	11	8.3	2.6	NA	NA	NA	NA	NA	NA	NA	NA	NA	NA	NA	NA	NA			3.3166247903554	2.11625551480255	0.955511445027436	4.47213595499958	5.19615242270663	1.90805992492422	0.27002713721306	43.3819444444444	28.4575	0
3	BG001	41	6	16	a	nat	cut	BG001.16.a	76	22	n	76	6.07	0.33	17	n	NA	14	14.4	3.7	15	NA	NA	NA	NA	NA	NA	NA	NA	NA	NA	NA	NA			3.74165738677394	2.66722820658195	1.30833281965018	4.12310562561766	4.69041575982343	1.80335860507141	-1.10866262452161	43.3819444444444	28.4575	0
4	BG001	33	12	25	f	nat	cut	BG001.25.f	76	35	n	76	7.01	1.624	19	n	NA	12	15.2	3.5	NA	NA	NA	NA	NA	NA	NA	NA	NA	NA	NA	NA	NA			3.46410161513775	2.72129542785223	1.25276296849537	4.35889894354067	5.91607978309962	1.9473377010465	0.484892241739486	43.3819444444444	28.4575	0
5	BG001	4	19	22	i	nat	cut	BG001.22.i	76	22	y	76	7.2	1.028	18	n	NA	13	10.3	2.4	NA	NA	53	NA	NA	NA	53	1	4	69	1	32.5	NA			3.60555127546399	2.33214389523559	0.8754687373539	4.24264068711928	4.69041575982343	1.97408102602201	0.0276151670329734	43.3819444444444	28.4575	1
6	BG001	38	17	29	g	nat	cut	BG001.29.g	76	37	n	76	7.41	1.53	24	n	NA	13	15	4	NA	NA	NA	NA	NA	NA	NA	NA	NA	NA	NA	NA	NA			3.60555127546399	2.70805020110221	1.38629436111989	4.89897948556636	6.08276253029822	2.002830439308	0.425267735404344	43.3819444444444	28.4575	0
7	BG001	11	48	25	e	nat	cut	BG001.25.e	77	9	y	77	7.23	0.744	16	n	NA	11	12.5	2.6	NA	NA	39	NA	NA	NA	NA	NA	NA	69	1	17	NA			3.3166247903554	2.52572864430826	0.955511445027436	4	3	1.97823903617067	-0.295714244149045	43.3819444444444	28.4575	1
8	CA001	33	11	6	a	inv	cut	CA001.6.a	76	38	n	76	9.32	2.362	18	n	NA	10	17.6	4.6	NA	NA	NA	NA	NA	NA	NA	NA	NA	NA	NA	NA	NA			3.16227766016838	2.86789890204411	1.52605630349505	4.24264068711928	6.16441400296898	2.2321626286975	0.859508717775171	49.0149388888889	-122.882097222222	0
9	CA001	38	4	4	j	inv	cut	CA001.4.j	76	27	n	76	5.27	1.291	16	n	NA	10	13.5	4	NA	NA	NA	NA	NA	NA	NA	NA	NA	NA	NA	NA	NA			3.16227766016838	2.60268968544438	1.38629436111989	4	5.19615242270663	1.66203036255327	0.255417111864505	49.0149388888889	-122.882097222222	0
10	CA001	10	41	2	j	inv	cut	CA001.2.j	76	18	n	76	5.51	2.015	19	y	NA	12	11.3	3.4	NA	NA	NA	NA	NA	NA	NA	NA	NA	NA	NA	NA	NA			3.46410161513775	2.42480272571829	1.22377543162212	4.35889894354067	4.24264068711928	1.70656462316482	0.700619195398646	49.0149388888889	-122.882097222222	0
11	CA001	11	6	2	c	inv	cut	CA001.2.c	77	27	n	77	9.21	1.519	20	n	NA	11	12.1	3.5	NA	NA	NA	NA	NA	NA	NA	NA	NA	NA	NA	NA	NA			3.3166247903554	2.4932054526027	1.25276296849537	4.47213595499958	5.19615242270663	2.22028985026722	0.418052223613636	49.0149388888889	-122.882097222222	0
12	CA001	16	18	3	j	inv	cut	CA001.3.j	77	34	y	77	6.58	2.563	20	y	NA	13	17.3	3.7	NA	NA	77	NA	NA	NA	NA	NA	NA	77	NA	6.5	NA			3.60555127546399	2.85070650150373	1.30833281965018	4.47213595499958	5.8309518948453	1.88403474533723	0.941178447381934	49.0149388888889	-122.882097222222	1
13	CA001	4	24	2	e	inv	cut	CA001.2.e	76	18	n	76	7.46	4.61	16	n	NA	11	15.9	3.8	NA	NA	NA	NA	NA	NA	NA	NA	NA	NA	NA	NA	NA			3.3166247903554	2.76631910922619	1.33500106673234	4	4.24264068711928	2.00955541421567	1.52822785700856	49.0149388888889	-122.882097222222	0
14	CA001	41	2	6	h	inv	cut	CA001.6.h	76	26	n	76	8.53	1.346	17	n	NA	10	12.2	4.3	NA	NA	NA	NA	NA	NA	NA	NA	NA	NA	NA	NA	NA			3.16227766016838	2.50143595173921	1.45861502269952	4.12310562561766	5.09901951359278	2.14358936150359	0.297137231222536	49.0149388888889	-122.882097222222	0
15	CA007	10	11	4	a	inv	cut	CA007.4.a	76	36	n	76	10.34	1.682	23	n	NA	NA	NA	NA	15	NA	NA	NA	NA	NA	NA	NA	NA	NA	NA	NA	NA			NA	NA	NA	4.79583152331272	6	2.33601986908028	0.519983561550756	49.2961027777778	-118.473830555556	0
16	CA007	11	2	2	a	inv	cut	CA007.2.a	77	13	y	77	6.79	1.435	19	n	NA	NA	NA	NA	NA	NA	77	NA	NA	NA	NA	NA	NA	77	NA	32.5	NA	NA	NA	NA	NA	NA	4.35889894354067	3.60555127546399	1.9154509415706	0.361164849211584	49.2961027777778	-118.473830555556	1
17	CA008	16	33	2	d	inv	cut	CA008.2.d	77	28	n	77	6.71	2.388	17	n	NA	10	14.2	2.6	NA	NA	NA	NA	NA	NA	NA	NA	NA	NA	NA	NA	NA			3.16227766016838	2.65324196460721	0.955511445027436	4.12310562561766	5.29150262212918	1.90359895098359	0.870456195530356	49.0120833333333	-118.645711111111	0
18	CA008	11	43	5	a	inv	cut	CA008.5.a	77	54	n	77	9.29	2.596	28	n	NA	15	11.4	2.1	15	NA	NA	NA	NA	NA	NA	NA	NA	NA	NA	NA	NA			3.87298334620742	2.43361335540045	0.741937344729377	5.29150262212918	7.34846922834953	2.22893855282575	0.953971798841844	49.0120833333333	-118.645711111111	0
19	CA008	41	26	4	f	inv	cut	CA008.4.f	76	11	y	76	4.98	0.278	14	n	NA	8	15.5	2.9	NA	NA	69	NA	NA	NA	NA	NA	NA	69	1	7.5	NA			2.82842712474619	2.7408400239252	1.06471073699243	3.74165738677394	3.3166247903554	1.60542989103656	-1.2801341652915	49.0120833333333	-118.645711111111	1
20	CA008	33	49	4	b	inv	cut	CA008.4.b	76	39	y	76	6.68	1.174	17	n	NA	10	13.5	3.4	NA	NA	76	NA	NA	NA	NA	NA	NA	76	NA	4	NA			3.16227766016838	2.60268968544438	1.22377543162212	4.12310562561766	6.2449979983984	1.89911798754855	0.160416721405905	49.0120833333333	-118.645711111111	1
21	GR001	33	4	14	i	nat	cut	GR001.14.i	76	25	n	76	7.16	1.019	13	n	NA	9	12.3	2.9	NA	NA	NA	NA	NA	NA	NA	NA	NA	NA	NA	NA	NA			3	2.50959926237837	1.06471073699243	3.60555127546399	5	1.96850998097255	0.0188217542405877	40.1566666666667	22.5480555555556	0
22	GR001	10	10	6	b	nat	cut	GR001.6.b	76	26	n	76	5.62	0.944	11	n	NA	7	11.2	3.8	NA	NA	NA	NA	NA	NA	NA	NA	NA	NA	NA	NA	NA			2.64575131106459	2.41591377830105	1.33500106673234	3.3166247903554	5.09901951359278	1.7263316639056	-0.0576291128366364	40.1566666666667	22.5480555555556	0
23	GR001	11	49	26	c	nat	cut	GR001.26.c	77	30	n	77	7.82	2.49	14	n	NA	7	14.2	1.9	NA	NA	NA	NA	NA	NA	NA	NA	NA	NA	NA	NA	NA			2.64575131106459	2.65324196460721	0.641853886172395	3.74165738677394	5.47722557505166	2.05668455455722	0.912282710476616	40.1566666666667	22.5480555555556	0
24	GR001	16	3	28	h	nat	cut	GR001.28.h	77	25	n	77	7.33	0.83	14	n	NA	9	16.6	3.5	NA	NA	NA	NA	NA	NA	NA	NA	NA	NA	NA	NA	NA			3	2.8094026953625	1.25276296849537	3.74165738677394	5	1.99197551589856	-0.186329578191493	40.1566666666667	22.5480555555556	0
25	GR001	41	27	14	h	nat	cut	GR001.14.h	76	11	y	76	5.94	0.441	11	n	NA	8	16	3.2	NA	NA	50	NA	NA	NA	50	1	11	69	1	33	NA			2.82842712474619	2.77258872223978	1.16315080980568	3.3166247903554	3.3166247903554	1.78170913337455	-0.818710403535291	40.1566666666667	22.5480555555556	1
26	GR001	4	35	14	l	nat	cut	GR001.14.l	76	18	n	76	7.14	1.379	14	n	NA	10	15.9	3.6	NA	NA	NA	NA	NA	NA	NA	NA	NA	NA	NA	NA	NA			3.16227766016838	2.76631910922619	1.28093384546206	3.74165738677394	4.24264068711928	1.96571277635149	0.321358598811165	40.1566666666667	22.5480555555556	0
27	GR001	38	18	26	g	nat	cut	GR001.26.g	76	0	y	76	4.35	0.549	14	n	6.1	8	17	3.8	NA	NA	18	18	1	6.1	NA	1	38.5	69	1	39.5	63	white		2.82842712474619	2.83321334405622	1.33500106673234	3.74165738677394	0	1.47017584510059	-0.599656837472606	40.1566666666667	22.5480555555556	1
28	GR002	10	23	13	c	nat	cut	GR002.13.c	76	17	n	76	4.03	1.009	14	y	NA	8	15.1	2.6	NA	NA	NA	NA	NA	NA	NA	NA	NA	NA	NA	NA	NA			2.82842712474619	2.71469474382088	0.955511445027436	3.74165738677394	4.12310562561766	1.39376637595859	0.0089597413714718	40.6213888888889	23.0786111111111	0
29	GR002	11	23	2	j	nat	cut	GR002.2.j	77	0	y	77	6.91	1.098	20	n	13.7	14	13.2	3.1	15	NA	15	18	1	13.7	39	1	39.8	69	1	42	63	white		3.74165738677394	2.58021682959233	1.1314021114911	4.47213595499958	0	1.93296963777958	0.093490343087339	40.6213888888889	23.0786111111111	1
30	GR002	41	47	8	e	nat	cut	GR002.8.e	76	8	y	76	5.19	0.482	11	n	13.5	9	13.1	3.7	NA	NA	18	18	1	13.5	39	1	26.7	69	1	26.5	57	white		3	2.57261223020711	1.30833281965018	3.3166247903554	2.82842712474619	1.6467336971778	-0.729811164931537	40.6213888888889	23.0786111111111	1
31	GR002	38	7	13	j	nat	cut	GR002.13.j	76	25	n	76	8.29	1.458	17	n	NA	8	5	4.4	NA	NA	NA	NA	NA	NA	NA	NA	NA	NA	NA	NA	NA			2.82842712474619	1.6094379124341	1.48160454092422	4.12310562561766	5	2.1150499691472	0.377065633586466	40.6213888888889	23.0786111111111	0
32	GR002	33	50	8	a	nat	cut	GR002.8.a	76	22	y	76	7.36	1.09	16	n	NA	11	12.1	3.1	NA	NA	53	NA	NA	NA	53	1	4.4	69	1	31.5	NA			3.3166247903554	2.4932054526027	1.1314021114911	4	4.69041575982343	1.99605993274078	0.0861776962410524	40.6213888888889	23.0786111111111	1
33	GR003	16	12	10	b	nat	cut	GR003.10.b	77	14	y	77	6.92	0.947	11	y	33.3	8	13.7	3.7	15	NA	11	18	1	33.3	38	1	30.4	69	1	33	57	white		2.82842712474619	2.61739583283408	1.30833281965018	3.3166247903554	3.74165738677394	1.93441576962958	-0.0544561857960589	40.8508333333333	25.7930555555556	1
34	GR003	38	23	3	a	nat	cut	GR003.3.a	76	5	y	76	6.3	0.732	3	n	44.9	9	13	3.5	15	NA	18	18	1	44.9	39	1	42.3	69	1	47.5	43	white		3	2.56494935746154	1.25276296849537	1.73205080756888	2.23606797749979	1.84054963339749	-0.311974765020825	40.8508333333333	25.7930555555556	1
35	GR003	41	17	17	b	nat	cut	GR003.17.b	76	20	n	76	6.2	0.63	13	y	NA	8	20.1	3.4	NA	NA	NA	NA	NA	NA	NA	NA	NA	NA	NA	NA	NA			2.82842712474619	3.00071981506503	1.22377543162212	3.60555127546399	4.47213595499958	1.82454929205105	-0.462035459596559	40.8508333333333	25.7930555555556	0
36	GR003	11	14	3	g	nat	cut	GR003.3.g	77	37	n	77	6.66	1.146	24	n	NA	10	15.2	2.9	NA	NA	NA	NA	NA	NA	NA	NA	NA	NA	NA	NA	NA			3.16227766016838	2.72129542785223	1.06471073699243	4.89897948556636	6.08276253029822	1.8961194845523	0.136277618292548	40.8508333333333	25.7930555555556	0
37	GR003	4	25	3	e	nat	cut	GR003.3.e	76	22	n	76	6.86	1.534	17	y	NA	11	12.2	2.4	NA	NA	NA	NA	NA	NA	NA	NA	NA	NA	NA	NA	NA			3.3166247903554	2.50143595173921	0.8754687373539	4.12310562561766	4.69041575982343	1.92570744173779	0.427878702945064	40.8508333333333	25.7930555555556	0
38	GR003	33	30	10	d	nat	cut	GR003.10.d	76	25	y	76	7.76	1.348	16	n	NA	8	13.2	3.2	NA	NA	53	NA	NA	NA	53	1	2.6	69	1	32.5	NA			2.82842712474619	2.58021682959233	1.16315080980568	4	5	2.04898233419513	0.298622012490115	40.8508333333333	25.7930555555556	1
39	GR003	10	17	12	d	nat	cut	GR003.12.d	76	33	n	76	8.5	1.247	18	n	NA	8	12.7	2.8	NA	NA	NA	NA	NA	NA	NA	NA	NA	NA	NA	NA	NA			2.82842712474619	2.54160199346455	1.02961941718116	4.24264068711928	5.74456264653803	2.14006616349627	0.220740666697899	40.8508333333333	25.7930555555556	0
40	HU001	10	45	24	f	nat	cut	HU001.24.f	76	26	n	76	7.12	1.393	18	n	NA	12	17	5.6	15	NA	NA	NA	NA	NA	NA	NA	NA	NA	NA	NA	NA			3.46410161513775	2.83321334405622	1.7227665977411	4.24264068711928	5.09901951359278	1.96290772542388	0.331459694797669	47.6419444444444	18.7825	0
41	HU001	11	9	14	k	nat	cut	HU001.14.k	77	41	n	77	7.01	1.245	15	n	NA	7	13.4	2.2	NA	NA	NA	NA	NA	NA	NA	NA	NA	NA	NA	NA	NA			2.64575131106459	2.59525470695687	0.78845736036427	3.87298334620742	6.40312423743285	1.9473377010465	0.219135529916671	47.6419444444444	18.7825	0
42	HU001	38	35	24	a	nat	cut	HU001.24.a	76	14	y	76	7.57	0.707	18	n	NA	10	15.6	2.5	NA	NA	53	NA	NA	NA	53	1	7.3	69	1	33	NA			3.16227766016838	2.74727091425549	0.916290731874155	4.24264068711928	3.74165738677394	2.02419306744936	-0.346724613085564	47.6419444444444	18.7825	1
43	HU001	4	29	28	c	nat	cut	HU001.28.c	76	48	n	76	9.42	6.434	28	n	NA	19	14.5	4.5	NA	NA	NA	NA	NA	NA	NA	NA	NA	NA	NA	NA	NA			4.35889894354067	2.67414864942653	1.50407739677627	5.29150262212918	6.92820323027551	2.24283508858827	1.86159642881683	47.6419444444444	18.7825	0
44	HU001	16	39	14	h	nat	cut	HU001.14.h	77	30	n	77	7.45	1.873	17	n	NA	11	15.6	4.9	NA	NA	NA	NA	NA	NA	NA	NA	NA	NA	NA	NA	NA			3.3166247903554	2.74727091425549	1.58923520511658	4.12310562561766	5.47722557505166	2.00821403239147	0.627541423461951	47.6419444444444	18.7825	0
45	HU001	41	36	13	b	nat	cut	HU001.13.b	76	22	n	76	7.43	1.303	14	n	NA	8	18.5	4.8	NA	NA	NA	NA	NA	NA	NA	NA	NA	NA	NA	NA	NA			2.82842712474619	2.91777073208428	1.56861591791385	3.74165738677394	4.69041575982343	2.00552585872967	0.264669298142708	47.6419444444444	18.7825	0
46	HU001	33	44	14	d	nat	cut	HU001.14.d	76	40	n	76	6.63	1.712	21	n	NA	13	10	4.6	NA	NA	NA	NA	NA	NA	NA	NA	NA	NA	NA	NA	NA			3.60555127546399	2.30258509299405	1.52605630349505	4.58257569495584	6.32455532033676	1.89160480419777	0.53766227771955	47.6419444444444	18.7825	0
47	RO001	11	39	21	d	nat	cut	RO001.21.d	77	22	n	77	6.4	2.241	16	n	NA	8	15	3	NA	NA	NA	NA	NA	NA	NA	NA	NA	NA	NA	NA	NA			2.82842712474619	2.70805020110221	1.09861228866811	4	4.69041575982343	1.85629799036563	0.80692219481879	44.1102777777778	28.6369444444444	0
48	RO001	38	36	28	e	nat	cut	RO001.28.e	76	23	n	76	7.06	0.771	12	n	NA	9	18.3	5.5	NA	NA	NA	NA	NA	NA	NA	NA	NA	NA	NA	NA	NA			3	2.90690105984738	1.70474809223843	3.46410161513775	4.79583152331272	1.95444505150515	-0.260066905418808	44.1102777777778	28.6369444444444	0
49	RO001	10	43	13	d	nat	cut	RO001.13.d	76	23	n	76	8.37	1.047	22	n	NA	11	12.6	4	15	NA	NA	NA	NA	NA	NA	NA	NA	NA	NA	NA	NA			3.3166247903554	2.53369681395743	1.38629436111989	4.69041575982343	4.79583152331272	2.12465388450138	0.0459289318883997	44.1102777777778	28.6369444444444	0
50	RO001	33	27	13	i	nat	cut	RO001.13.i	76	27	n	76	6.73	1.591	16	n	NA	9	15.8	3.1	NA	NA	NA	NA	NA	NA	NA	NA	NA	NA	NA	NA	NA			3	2.76000994003292	1.1314021114911	4	5.19615242270663	1.90657514365664	0.46436274935565	44.1102777777778	28.6369444444444	0
51	RO001	41	12	21	e	nat	cut	RO001.21.e	76	20	y	76	7.31	1.594	19	y	NA	11	13.5	2.5	NA	NA	50	NA	NA	NA	50	1	2.7	69	1	22	NA			3.3166247903554	2.60268968544438	0.916290731874155	4.35889894354067	4.47213595499958	1.98924327376169	0.466246580368023	44.1102777777778	28.6369444444444	1
52	RO001	4	32	28	g	nat	cut	RO001.28.g	76	39	n	76	7.07	1.209	16	n	NA	8	15	3.3	NA	NA	NA	NA	NA	NA	NA	NA	NA	NA	NA	NA	NA			2.82842712474619	2.70805020110221	1.19392246847243	4	6.2449979983984	1.95586047990848	0.189793571632656	44.1102777777778	28.6369444444444	0
53	RO001	16	6	6	j	nat	cut	RO001.6.j	77	8	y	77	6.3	0.843	16	y	NA	12	15.5	3.2	NA	NA	53	NA	NA	NA	53	1	9	69	1	39.5	NA			3.46410161513775	2.7408400239252	1.16315080980568	4	2.82842712474619	1.84054963339749	-0.170788320980282	44.1102777777778	28.6369444444444	1
54	RO002	4	1	12	e	nat	cut	RO002.12.e	76	24	n	76	7.2	1.304	15	n	NA	9	12.2	3.4	NA	NA	NA	NA	NA	NA	NA	NA	NA	NA	NA	NA	NA			3	2.50143595173921	1.22377543162212	3.87298334620742	4.89897948556636	1.97408102602201	0.265436463504461	43.9024333333333	28.5739166666667	0
55	RO002	16	13	12	o	nat	cut	RO002.12.o	77	31	n	77	6.49	1.314	18	y	NA	10	11.6	2	15	NA	NA	NA	NA	NA	NA	NA	NA	NA	NA	NA	NA			3.16227766016838	2.45100509811232	0.693147180559945	4.24264068711928	5.56776436283002	1.870262530716	0.273075920062419	43.9024333333333	28.5739166666667	0
56	RO002	33	32	12	g	nat	cut	RO002.12.g	76	20	n	76	7.06	0.731	16	n	NA	8	13.4	2.1	NA	NA	NA	NA	NA	NA	NA	NA	NA	NA	NA	NA	NA			2.82842712474619	2.59525470695687	0.741937344729377	4	4.47213595499958	1.95444505150515	-0.313341819232359	43.9024333333333	28.5739166666667	0
57	RO002	38	39	15	g	nat	cut	RO002.15.g	76	11	n	76	5.19	0.104	8	n	NA	7	16.1	4	NA	NA	NA	NA	NA	NA	NA	NA	NA	NA	NA	NA	NA			2.64575131106459	2.77881927199042	1.38629436111989	2.82842712474619	3.3166247903554	1.6467336971778	-2.26336437984076	43.9024333333333	28.5739166666667	0
58	RO002	10	14	18	f	nat	cut	RO002.18.f	76	2	y	76	4.95	0.549	19	n	NA	9	10.3	2.3	NA	NA	50	NA	NA	NA	50	1	7.5	69	1	41	NA			3	2.33214389523559	0.832909122935104	4.35889894354067	1.4142135623731	1.5993875765806	-0.599656837472606	43.9024333333333	28.5739166666667	1
59	RO002	11	32	22	f	nat	cut	RO002.22.f	77	27	n	77	7.63	1.68	16	n	NA	10	14.5	3.9	15	NA	NA	NA	NA	NA	NA	NA	NA	NA	NA	NA	NA			3.16227766016838	2.67414864942653	1.3609765531356	4	5.19615242270663	2.03208784529637	0.518793793415168	43.9024333333333	28.5739166666667	0
60	RO002	41	49	18	a	nat	cut	RO002.18.a	76	16	n	76	5.82	0.504	15	n	NA	8	10.9	2.8	15	NA	NA	NA	NA	NA	NA	NA	NA	NA	NA	NA	NA			2.82842712474619	2.3887627892351	1.02961941718116	3.87298334620742	4	1.76130026174335	-0.685179010910768	43.9024333333333	28.5739166666667	0
61	RO003	16	34	9	f	nat	cut	RO003.9.f	77	18	y	77	7.07	0.917	18	n	NA	8	13.6	2.7	NA	NA	53	NA	NA	NA	53	4.3	NA	69	1	32	NA			2.82842712474619	2.61006979274201	0.993251773010283	4.24264068711928	4.24264068711928	1.95586047990848	-0.0866478067256722	44.3896666666667	28.5266388888889	1
62	RO003	38	9	11	f	nat	cut	RO003.11.f	76	35	n	76	7.43	1.013	18	n	NA	10	14.6	3.6	NA	NA	NA	NA	NA	NA	NA	NA	NA	NA	NA	NA	NA			3.16227766016838	2.68102152871429	1.28093384546206	4.24264068711928	5.91607978309962	2.00552585872967	0.0129162252665462	44.3896666666667	28.5266388888889	0
63	RO003	33	24	9	d	nat	cut	RO003.9.d	76	15	y	76	6.69	0.948	17	n	NA	11	12.2	2.3	NA	NA	53	NA	NA	NA	53	1	27.7	69	1	33.5	NA			3.3166247903554	2.50143595173921	0.832909122935104	4.12310562561766	3.87298334620742	1.90061387414014	-0.0534007767271153	44.3896666666667	28.5266388888889	1
64	RO003	11	34	11	e	nat	cut	RO003.11.e	77	0	y	77	6.08	0.72	20	n	NA	9	14.2	3.5	NA	NA	29	NA	NA	NA	39	1	28.4	69	1	37	NA			3	2.65324196460721	1.25276296849537	4.47213595499958	0	1.80500469597808	-0.328504066972036	44.3896666666667	28.5266388888889	1
65	RO003	10	20	21	e	nat	cut	RO003.21.e	76	30	n	76	6.87	2.118	15	y	NA	11	10.7	3.1	NA	NA	NA	NA	NA	NA	NA	NA	NA	NA	NA	NA	NA			3.3166247903554	2.37024374146786	1.1314021114911	3.87298334620742	5.47722557505166	1.92716410623426	0.750472247179215	44.3896666666667	28.5266388888889	0
66	RO003	41	35	15	j	nat	cut	RO003.15.j	76	24	n	76	7.86	0.486	18	y	NA	10	15.7	3	15	NA	NA	NA	NA	NA	NA	NA	NA	NA	NA	NA	NA			3.16227766016838	2.75366071235426	1.09861228866811	4.24264068711928	4.89897948556636	2.06178660644112	-0.721546655081643	44.3896666666667	28.5266388888889	0
67	RO003	4	5	9	e	nat	cut	RO003.9.e	76	0	y	76	7.58	0.713	14	n	NA	10	11.6	2.8	NA	NA	69	NA	NA	NA	NA	NA	NA	69	1	23	NA			3.16227766016838	2.45100509811232	1.02961941718116	3.74165738677394	0	2.02551319965428	-0.338273858567841	44.3896666666667	28.5266388888889	1
68	RO004	41	44	3	j	nat	cut	RO004.3.j	76	0	y	76	8.04	0.806	9	n	3.7	15	15.5	3	15	NA	10	18	1	3.7	39	1	12	69	1	37.5	NA		bolt cut	3.87298334620742	2.7408400239252	1.09861228866811	3	0	2.08442908319087	-0.215671536475509	45.5761833333333	29.51805	1
69	RO004	16	4	13	b	nat	cut	RO004.13.b	77	24	n	77	6.51	1.232	15	y	NA	9	13.7	3.6	NA	NA	NA	NA	NA	NA	NA	NA	NA	NA	NA	NA	NA			3	2.61739583283408	1.28093384546206	3.87298334620742	4.89897948556636	1.87333945622048	0.208638865111328	45.5761833333333	29.51805	0
70	RO004	11	30	20	d	nat	cut	RO004.20.d	77	34	y	77	6.78	3.509	20	n	NA	12	10.1	3.2	15	NA	69	NA	NA	NA	NA	NA	NA	69	1	8.5	NA			3.46410161513775	2.31253542384721	1.16315080980568	4.47213595499958	5.8309518948453	1.9139771019523	1.25533109660108	45.5761833333333	29.51805	1
71	RO004	4	40	13	f	nat	cut	RO004.13.f	76	3	y	76	6.55	1.222	19	n	NA	12	10.4	2.3	NA	NA	29	NA	NA	NA	39	1	31.2	69	1	31.2	69	white		3.46410161513775	2.34180580614733	0.832909122935104	4.35889894354067	1.73205080756888	1.87946504964716	0.200488860749404	45.5761833333333	29.51805	1
72	RO004	33	33	13	h	nat	cut	RO004.13.h	76	39	n	76	8.64	1.405	22	n	NA	13	13.5	2.1	NA	NA	NA	NA	NA	NA	NA	NA	NA	NA	NA	NA	NA			3.60555127546399	2.60268968544438	0.741937344729377	4.69041575982343	6.2449979983984	2.15640258281596	0.340037302785709	45.5761833333333	29.51805	0
73	RO004	10	30	13	d	nat	cut	RO004.13.d	76	28	n	76	7.16	1.609	16	n	NA	11	10.2	2.5	NA	NA	NA	NA	NA	NA	NA	NA	NA	NA	NA	NA	NA			3.3166247903554	2.32238772029023	0.916290731874155	4	5.29150262212918	1.96850998097255	0.475612868010246	45.5761833333333	29.51805	0
74	RO004	38	31	21	e	nat	cut	RO004.21.e	76	13	y	76	8.92	1.24	19	n	NA	12	13.1	4	NA	NA	50	NA	NA	NA	50	1	29	69	1	29.5	NA			3.46410161513775	2.57261223020711	1.38629436111989	4.35889894354067	3.60555127546399	2.18829594659192	0.215111379616945	45.5761833333333	29.51805	1
75	RO005	33	2	15	i	nat	cut	RO005.15.i	76	35	n	76	5.74	0.919	15	n	NA	8	14.5	2.4	NA	NA	NA	NA	NA	NA	NA	NA	NA	NA	NA	NA	NA			2.82842712474619	2.67414864942653	0.8754687373539	3.87298334620742	5.91607978309962	1.74745921033147	-0.08446915662645	45.4978611111111	27.9118055555556	0
76	RO005	38	20	17	d	nat	cut	RO005.17.d	76	21	y	76	6.35	0.774	15	n	NA	10	14.9	4.5	NA	NA	69	NA	NA	NA	NA	NA	NA	69	1	27	NA			3.16227766016838	2.70136121295141	1.50407739677627	3.87298334620742	4.58257569495584	1.8484548129046	-0.25618340539241	45.4978611111111	27.9118055555556	1
77	RO005	10	42	17	c	nat	cut	RO005.17.c	76	36	n	76	6.88	1.231	21	n	NA	10	10.8	2.2	NA	NA	NA	NA	NA	NA	NA	NA	NA	NA	NA	NA	NA			3.16227766016838	2.37954613413017	0.78845736036427	4.58257569495584	6	1.92861865194525	0.207826847202317	45.4978611111111	27.9118055555556	0
78	RO005	41	15	17	k	nat	cut	RO005.17.k	76	25	n	76	6.18	0.507	13	y	NA	7	10.6	2	NA	NA	NA	NA	NA	NA	NA	NA	NA	NA	NA	NA	NA			2.64575131106459	2.36085400111802	0.693147180559945	3.60555127546399	5	1.8213182714696	-0.679244275390954	45.4978611111111	27.9118055555556	0
79	RO005	16	44	15	c	nat	cut	RO005.15.c	77	36	n	77	6.32	1.743	18	y	NA	9	12.9	2.8	NA	NA	NA	NA	NA	NA	NA	NA	NA	NA	NA	NA	NA			3	2.55722731136763	1.02961941718116	4.24264068711928	6	1.84371920815877	0.555607766537884	45.4978611111111	27.9118055555556	0
80	RO005	4	26	14	h	nat	cut	RO005.14.h	76	9	y	76	8.64	2.055	24	n	NA	11	16.9	3.4	15	NA	32	NA	NA	NA	39	1	20.6	69	1	33.2	NA			3.3166247903554	2.82731362192903	1.22377543162212	4.89897948556636	3	2.15640258281596	0.720275847948198	45.4978611111111	27.9118055555556	1
81	RO005	11	4	25	f	nat	cut	RO005.25.f	77	31	n	77	6.72	1.047	18	y	NA	9	13.8	3.2	15	NA	NA	NA	NA	NA	NA	NA	NA	NA	NA	NA	NA			3	2.62466859216316	1.16315080980568	4.24264068711928	5.56776436283002	1.90508815453506	0.0459289318883997	45.4978611111111	27.9118055555556	0
82	RU001	4	21	2	a	nat	cut	RU001.2.a	76	46	n	76	6.36	1.881	24	y	NA	13	11.5	3.3	NA	NA	NA	NA	NA	NA	NA	NA	NA	NA	NA	NA	NA			3.60555127546399	2.4423470353692	1.19392246847243	4.89897948556636	6.78232998312527	1.85002837735203	0.631803550318893	51.38333333	56.8	0
83	RU001	41	8	2	j	nat	cut	RU001.2.j	76	27	n	76	5.91	0.779	23	n	NA	11	18.2	3.2	NA	NA	NA	NA	NA	NA	NA	NA	NA	NA	NA	NA	NA			3.3166247903554	2.90142159408275	1.16315080980568	4.79583152331272	5.19615242270663	1.77664583141801	-0.249744233111389	51.38333333	56.8	0
84	RU001	16	36	10	e	nat	cut	RU001.10.e	77	13	n	77	6.11	0.598	14	y	NA	7	10	1.5	NA	NA	NA	NA	NA	NA	NA	NA	NA	NA	NA	NA	NA			2.64575131106459	2.30258509299405	0.405465108108164	3.74165738677394	3.60555127546399	1.8099267731835	-0.514164525031505	51.38333333	56.8	0
85	RU001	33	10	2	g	nat	cut	RU001.2.g	76	33	n	76	8.92	3.358	21	n	NA	14	13.7	3.3	NA	NA	NA	NA	NA	NA	NA	NA	NA	NA	NA	NA	NA			3.74165738677394	2.61739583283408	1.19392246847243	4.58257569495584	5.74456264653803	2.18829594659192	1.21134555865535	51.38333333	56.8	0
86	RU001	10	40	10	i	nat	cut	RU001.10.i	76	59	n	76	7.04	2.926	21	n	NA	10	13	2.2	15	NA	NA	NA	NA	NA	NA	NA	NA	NA	NA	NA	NA			3.16227766016838	2.56494935746154	0.78845736036427	4.58257569495584	7.68114574786861	1.95160817016995	1.07363630259793	51.38333333	56.8	0
87	RU001	38	34	6	j	nat	cut	RU001.6.j	76	28	n	76	9	1.118	17	n	NA	11	15	3.5	NA	NA	NA	NA	NA	NA	NA	NA	NA	NA	NA	NA	NA			3.3166247903554	2.70805020110221	1.25276296849537	4.12310562561766	5.29150262212918	2.19722457733622	0.111541374732908	51.38333333	56.8	0
88	RU002	33	1	1	f	nat	cut	RU002.1.f	76	39	n	76	7.39	1.967	26	n	NA	14	18.6	4.3	NA	NA	NA	NA	NA	NA	NA	NA	NA	NA	NA	NA	NA			3.74165738677394	2.92316158071916	1.45861502269952	5.09901951359278	6.2449979983984	2.00012773496011	0.676509539406922	49.1791667	53.2422611	0
89	RU002	10	47	6	b	nat	cut	RU002.6.b	76	27	n	76	5.82	2.119	22	y	NA	NA	NA	NA	NA	NA	NA	NA	NA	NA	NA	NA	NA	NA	NA	NA	NA			NA	NA	NA	4.69041575982343	5.19615242270663	1.76130026174335	0.750944279286162	49.1791667	53.2422611	0
90	RU002	38	45	2	e	nat	cut	RU002.2.e	76	24	n	76	8.02	0.618	18	n	NA	NA	NA	NA	NA	NA	NA	NA	NA	NA	NA	NA	NA	NA	NA	NA	NA			NA	NA	NA	4.24264068711928	4.89897948556636	2.08193842187842	-0.481266821524446	49.1791667	53.2422611	0
91	RU003	41	30	7	e	nat	cut	RU003.7.e	76	24	n	76	5.61	1.28	16	n	NA	11	16.4	4	NA	NA	NA	NA	NA	NA	NA	NA	NA	NA	NA	NA	NA			3.3166247903554	2.79728133483015	1.38629436111989	4	4.89897948556636	1.72455071953461	0.246860077931526	38.1625	54.8	0
92	RU003	38	28	4	d	nat	cut	RU003.4.d	76	29	n	76	7.14	0.649	17	n	NA	12	14.5	3.5	NA	NA	NA	NA	NA	NA	NA	NA	NA	NA	NA	NA	NA			3.46410161513775	2.67414864942653	1.25276296849537	4.12310562561766	5.3851648071345	1.96571277635149	-0.432322562278047	38.1625	54.8	0
93	RU003	33	25	3	d	nat	cut	RU003.3.d	76	32	n	76	6.85	2.39	18	n	NA	12	13.4	2.1	NA	NA	NA	NA	NA	NA	NA	NA	NA	NA	NA	NA	NA			3.46410161513775	2.59525470695687	0.741937344729377	4.24264068711928	5.65685424949238	1.92424865227413	0.871293365943419	38.1625	54.8	0
94	RU003	16	19	3	b	nat	cut	RU003.3.b	77	28	n	77	8.29	0.966	18	n	NA	12	12.8	2.5	NA	NA	NA	NA	NA	NA	NA	NA	NA	NA	NA	NA	NA			3.46410161513775	2.54944517092557	0.916290731874155	4.24264068711928	5.29150262212918	2.1150499691472	-0.0345914447696191	38.1625	54.8	0
95	RU004	33	26	6	b	nat	cut	RU004.6.b	76	35	y	76	7.2	2.04	17	n 	NA	11	15	2.5	NA	NA	76	NA	NA	NA	NA	NA	NA	76	NA	38.5	NA	NA		3.3166247903554	2.70805020110221	0.916290731874155	4.12310562561766	5.91607978309962	1.97408102602201	0.712949807856125	60.16666667	55.01666667	1
96	RU004	16	17	8	a	nat	cut	RU004.8.a	77	23	n	77	6.46	0.67	17	n	NA	8	13.1	2.1	NA	NA	NA	NA	NA	NA	NA	NA	NA	NA	NA	NA	NA			2.82842712474619	2.57261223020711	0.741937344729377	4.12310562561766	4.79583152331272	1.86562931779451	-0.400477566597125	60.16666667	55.01666667	0
97	RU004	41	10	7	d	nat	cut	RU004.7.d	76	20	n	76	7.34	2.096	18	n	NA	12	18.7	4.6	NA	NA	NA	NA	NA	NA	NA	NA	NA	NA	NA	NA	NA			3.46410161513775	2.92852352386054	1.52605630349505	4.24264068711928	4.47213595499958	1.99333884262642	0.740030766458796	60.16666667	55.01666667	0
98	RU008	33	8	19	b	nat	cut	RU008.19.b	76	43	n	76	8.27	2.017	20	n	NA	12	14.5	3.5	NA	NA	NA	NA	NA	NA	NA	NA	NA	NA	NA	NA	NA			3.46410161513775	2.67414864942653	1.25276296849537	4.47213595499958	6.557438524302	2.1126345090356	0.701611258972075	44.05	43.06000278	0
99	RU008	38	27	21	i	nat	cut	RU008.21.i	76	46	n	76	6.6	1.726	22	n	NA	15	18	4	NA	NA	NA	NA	NA	NA	NA	NA	NA	NA	NA	NA	NA			3.87298334620742	2.89037175789616	1.38629436111989	4.69041575982343	6.78232998312527	1.88706964903238	0.545806592661236	44.05	43.06000278	0
100	RU008	11	11	21	d	nat	cut	RU008.21.d	77	24	y	77	7.15	1.093	20	n	NA	11	12.8	2.2	NA	NA	69	NA	NA	NA	NA	NA	NA	69	1	8.5	NA			3.3166247903554	2.54944517092557	0.78845736036427	4.47213595499958	4.89897948556636	1.96711235670592	0.0889262091944015	44.05	43.06000278	1
101	RU008	4	2	17	g	nat	cut	RU008.17.g	76	84	n	76	9.11	1.393	42	y	NA	14	11	2.2	15	NA	NA	NA	NA	NA	NA	NA	NA	NA	NA	NA	NA			3.74165738677394	2.39789527279837	0.78845736036427	6.48074069840786	9.16515138991168	2.20937271127187	0.331459694797669	44.05	43.06000278	0
102	RU008	41	38	19	h	nat	cut	RU008.19.h	76	27	n	76	7.08	0.887	16	n	NA	13	15.8	4.1	NA	NA	NA	NA	NA	NA	NA	NA	NA	NA	NA	NA	NA			3.60555127546399	2.76000994003292	1.41098697371026	4	5.19615242270663	1.95727390770563	-0.119910296672558	44.05	43.06000278	0
103	RU008	10	27	19	k	nat	cut	RU008.19.k	76	50	n	76	6.94	1.354	22	n	NA	13	18.6	4.6	NA	NA	NA	NA	NA	NA	NA	NA	NA	NA	NA	NA	NA			3.60555127546399	2.92316158071916	1.52605630349505	4.69041575982343	7.07106781186548	1.93730177451871	0.303063174490083	44.05	43.06000278	0
104	RU008	16	43	18	c	nat	cut	RU008.18.c	77	29	n	77	7.68	1.619	17	n	NA	12	13.1	2.5	NA	NA	NA	NA	NA	NA	NA	NA	NA	NA	NA	NA	NA			3.46410161513775	2.57261223020711	0.916290731874155	4.12310562561766	5.3851648071345	2.03861954715958	0.481808674695498	44.05	43.06000278	0
105	TR001	10	24	19	c	nat	cut	TR001.19.c	76	0	y	76	6.85	1.261	18	n	NA	9	12	2.7	NA	NA	29	NA	NA	NA	38	1	21.1	69	1	21.1	NA		bolt cut	3	2.484906649788	0.993251773010283	4.24264068711928	0	1.92424865227413	0.231905056982782	41.7511111111111	27.2477777777778	1
106	TR001	4	20	19	a	nat	cut	TR001.19.a	76	19	n	76	6.16	1.229	20	n	NA	7	11.7	2.4	NA	NA	NA	NA	NA	NA	NA	NA	NA	NA	NA	NA	NA			2.64575131106459	2.45958884180371	0.8754687373539	4.47213595499958	4.35889894354067	1.81807677754543	0.206200830583898	41.7511111111111	27.2477777777778	0
107	TR001	16	15	24	i	nat	cut	TR001.24.i	77	30	n	77	8.66	1.026	16	n	NA	8	17	3.1	NA	NA	NA	NA	NA	NA	NA	NA	NA	NA	NA	NA	NA			2.82842712474619	2.83321334405622	1.1314021114911	4	5.47722557505166	2.15871472257434	0.0256677467485778	41.7511111111111	27.2477777777778	0
108	TR001	38	2	12	a	nat	cut	TR001.12.a	76	7	y	76	6.73	1.391	18	n	NA	11	16	4.5	NA	NA	53	NA	NA	NA	53	1	40	69	1	40	NA			3.3166247903554	2.77258872223978	1.50407739677627	4.24264068711928	2.64575131106459	1.90657514365664	0.330022912941306	41.7511111111111	27.2477777777778	1
109	TR001	33	23	12	c	nat	cut	TR001.12.c	76	34	n	76	6.74	2.022	15	n	NA	12	20.5	2.8	15	NA	NA	NA	NA	NA	NA	NA	NA	NA	NA	NA	NA			3.46410161513775	3.02042488614436	1.02961941718116	3.87298334620742	5.8309518948453	1.90805992492422	0.70408712059828	41.7511111111111	27.2477777777778	0
110	TR001	41	34	19	i	nat	cut	TR001.19.i	76	0	y	76	7.41	0.991	9	y	15.5	9	17.1	2.4	NA	NA	18	18	1	15.5	39	1	33.7	69	1	40.5	63	white		3	2.83907846350861	0.8754687373539	3	0	2.002830439308	-0.00904074465214907	41.7511111111111	27.2477777777778	1
111	TR001	11	20	10	h	nat	cut	TR001.10.h	77	31	n	77	5.77	1.404	14	n	NA	10	13.9	3.5	NA	NA	NA	NA	NA	NA	NA	NA	NA	NA	NA	NA	NA			3.16227766016838	2.63188884013665	1.25276296849537	3.74165738677394	5.56776436283002	1.75267208052001	0.339325305603619	41.7511111111111	27.2477777777778	0
112	TR003	41	16	14	c	nat	cut	TR003.14.c	76	12	n	76	4.3	0.384	13	n	NA	10	13.7	2.9	NA	NA	NA	NA	NA	NA	NA	NA	NA	NA	NA	NA	NA			3.16227766016838	2.61739583283408	1.06471073699243	3.60555127546399	3.46410161513775	1.45861502269952	-0.95711272639441	38.7672222222222	37.0038888888889	0
113	TR003	33	35	6	a	nat	cut	TR003.6.a	76	20	n	76	4.58	0.179	12	n	NA	6	14.4	1.1	15	NA	NA	NA	NA	NA	NA	NA	NA	NA	NA	NA	NA			2.44948974278318	2.66722820658195	0.0953101798043249	3.46410161513775	4.47213595499958	1.52169899812609	-1.72036947314138	38.7672222222222	37.0038888888889	0
114	TR003	38	43	2	a	nat	cut	TR003.2.a	76	4	n	76	4.11	0.184	10	n	NA	7	10.5	3	NA	NA	NA	NA	NA	NA	NA	NA	NA	NA	NA	NA	NA			2.64575131106459	2.35137525716348	1.09861228866811	3.16227766016838	2	1.41342302850814	-1.69281952137315	38.7672222222222	37.0038888888889	0
115	TR003	11	8	2	f	nat	cut	TR003.2.f	77	24	y	77	5.28	0.408	17	n	NA	9	10.2	1.9	NA	NA	77	NA	NA	NA	NA	NA	NA	77	NA	4	NA			3	2.32238772029023	0.641853886172395	4.12310562561766	4.89897948556636	1.66392609771817	-0.896488104577975	38.7672222222222	37.0038888888889	1
116	TR003	16	5	24	b	nat	cut	TR003.24.b	77	6	n	77	2.85	0.079	13	n	NA	7	8.1	1.3	NA	NA	NA	NA	NA	NA	NA	NA	NA	NA	NA	NA	NA			2.64575131106459	2.09186406167839	0.262364264467491	3.60555127546399	2.44948974278318	1.04731899428056	-2.53830742651512	38.7672222222222	37.0038888888889	0
117	TR004	10	2	14	e	nat	cut	TR004.14.e	76	11	y	76	3.51	0.267	9	n	NA	6	10.4	2.7	NA	NA	69	NA	NA	NA	NA	NA	NA	69	1	4.5	NA			2.44948974278318	2.34180580614733	0.993251773010283	3	3.3166247903554	1.25561603747777	-1.32050662058189	38.3672222222222	42.7736111111111	1
118	TR004	41	1	18	b	nat	cut	TR004.18.b	76	16	n	76	4.1	0.312	12	n	NA	7	13.1	3.2	NA	NA	NA	NA	NA	NA	NA	NA	NA	NA	NA	NA	NA			2.64575131106459	2.57261223020711	1.16315080980568	3.46410161513775	4	1.41098697371026	-1.16475209117265	38.3672222222222	42.7736111111111	0
119	TR004	33	7	14	i	nat	cut	TR004.14.i	76	11	n	76	6.01	0.447	12	n	NA	11	14.1	3.4	NA	NA	NA	NA	NA	NA	NA	NA	NA	NA	NA	NA	NA			3.3166247903554	2.64617479738412	1.22377543162212	3.46410161513775	3.3166247903554	1.79342474854712	-0.805196684368568	38.3672222222222	42.7736111111111	0
120	TR004	11	47	2	b	nat	cut	TR004.2.b	77	7	n	77	4.53	0.221	11	n	NA	7	7.3	1.6	NA	NA	NA	NA	NA	NA	NA	NA	NA	NA	NA	NA	NA			2.64575131106459	1.98787434815435	0.470003629245736	3.3166247903554	2.64575131106459	1.51072193949494	-1.50959257746438	38.3672222222222	42.7736111111111	0
121	TR004	4	31	14	h	nat	cut	TR004.14.h	76	18	n	76	7.22	0.671	16	n	NA	11	11.5	2.7	15	NA	NA	NA	NA	NA	NA	NA	NA	NA	NA	NA	NA			3.3166247903554	2.4423470353692	0.993251773010283	4	4.24264068711928	1.97685495290473	-0.398986142010455	38.3672222222222	42.7736111111111	0
122	TR004	16	49	18	g	nat	cut	TR004.18.g	77	16	n	77	6.27	0.677	11	n	NA	8	11.8	3.3	NA	NA	NA	NA	NA	NA	NA	NA	NA	NA	NA	NA	NA			2.82842712474619	2.46809953147162	1.19392246847243	3.3166247903554	4	1.83577635464483	-0.390084006069862	38.3672222222222	42.7736111111111	0
123	TR004	38	13	8	i	nat	cut	TR004.8.i	76	20	n	76	3.96	0.196	13		NA	7	15.5	3	15	NA	NA	NA	NA	NA	NA	NA	NA	NA	NA	NA	NA			2.64575131106459	2.7408400239252	1.09861228866811	3.60555127546399	4.47213595499958	1.37624402526639	-1.62964061975162	38.3672222222222	42.7736111111111	0
124	TR005	41	13	9	b	nat	cut	TR005.9.b	76	14	n	76	4.56	0.2	10	y	NA	9	13.9	3.2	NA	NA	NA	NA	NA	NA	NA	NA	NA	NA	NA	NA	NA			3	2.63188884013665	1.16315080980568	3.16227766016838	3.74165738677394	1.51732262352629	-1.6094379124341	39.7825	41.0736111111111	0
125	TR005	16	25	18	a	nat	cut	TR005.18.a	77	5	n	77	5.09	0.365	11	y	NA	10	10.5	3.1	NA	NA	NA	NA	NA	NA	NA	NA	NA	NA	NA	NA	NA			3.16227766016838	2.35137525716348	1.1314021114911	3.3166247903554	2.23606797749979	1.62727783056243	-1.00785792539965	39.7825	41.0736111111111	0
126	TR005	38	41	20	g	nat	cut	TR005.20.g	76	27	n	76	5.43	0.844	14	n	NA	NA	NA	NA	NA	NA	NA	NA	NA	NA	NA	NA	NA	NA	NA	NA	NA			NA	NA	NA	3.74165738677394	5.19615242270663	1.69193913394584	-0.16960278438618	39.7825	41.0736111111111	0
127	UA001	38	15	11	a	nat	cut	UA001.11.a	76	12	y	76	7.85	0.942	19	n	NA	13	16.5	4	NA	NA	53	NA	NA	NA	53	1	24.5	69	1	39	NA			3.60555127546399	2.80336038090653	1.38629436111989	4.35889894354067	3.46410161513775	2.06051353179432	-0.059750004405774	48.1006666666667	37.8161111111111	1
128	UA001	11	41	22	c	nat	cut	UA001.22.c	77	35	n	77	7.62	2.599	19	 n	NA	11	10.3	2.6	NA	NA	NA	NA	NA	NA	NA	NA	NA	NA	NA	NA	NA			3.3166247903554	2.33214389523559	0.955511445027436	4.35889894354067	5.91607978309962	2.03077636969855	0.955126755659353	48.1006666666667	37.8161111111111	0
129	UA001	4	45	25	a	nat	cut	UA001.25.a	76	35	n	76	7.34	1.796	22	y	NA	12	13.5	2.7	15	NA	NA	NA	NA	NA	NA	NA	NA	NA	NA	NA	NA			3.46410161513775	2.60268968544438	0.993251773010283	4.69041575982343	5.91607978309962	1.99333884262642	0.585561969880008	48.1006666666667	37.8161111111111	0
130	UA001	16	9	25	f	nat	cut	UA001.25.f	77	30	n	77	6.76	0.793	21	n	NA	13	9.5	1.8	NA	NA	NA	NA	NA	NA	NA	NA	NA	NA	NA	NA	NA			3.60555127546399	2.2512917986065	0.587786664902119	4.58257569495584	5.47722557505166	1.91102289005487	-0.231932057347289	48.1006666666667	37.8161111111111	0
131	UA002	41	22	13	e	nat	cut	UA002.13.e	76	33	n	76	7.76	1.104	18	n	NA	10	17.1	3.7	NA	NA	NA	NA	NA	NA	NA	NA	NA	NA	NA	NA	NA			3.16227766016838	2.83907846350861	1.30833281965018	4.24264068711928	5.74456264653803	2.04898233419513	0.0989399478549036	48.1523333333333	37.8405833333333	0
132	UA002	10	50	18	e	nat	cut	UA002.18.e	76	26	n	76	7.85	1.572	17	n	NA	NA	NA	NA	NA	NA	NA	NA	NA	NA	NA	NA	NA	NA	NA	NA	NA			NA	NA	NA	4.12310562561766	5.09901951359278	2.06051353179432	0.452348694007015	48.1523333333333	37.8405833333333	0
133	UA002	38	50	15	h	nat	cut	UA002.15.h	76	26	n	76	6.55	1.339	12	n	NA	10	23	5.5	NA	NA	NA	NA	NA	NA	NA	NA	NA	NA	NA	NA	NA			3.16227766016838	3.13549421592915	1.70474809223843	3.46410161513775	5.09901951359278	1.87946504964716	0.291923066709035	48.1523333333333	37.8405833333333	0
134	UA003	41	37	8	g	nat	cut	UA003.8.g	76	30	n	76	6.03	0.949	12	n	NA	10	16.9	1.3	NA	NA	NA	NA	NA	NA	NA	NA	NA	NA	NA	NA	NA			3.16227766016838	2.82731362192903	0.262364264467491	3.46410161513775	5.47722557505166	1.79674701073909	-0.0523464803722092	50.48075	30.4863055555556	0
135	UA003	33	28	7A	e	nat	cut	UA003.7A.e	76	18	y	76	9.2	2.811	13	n	NA	9	14.8	2.9	NA	NA	69	NA	NA	NA	NA	NA	NA	69	1	3.5	NA			3	2.69462718077007	1.06471073699243	3.60555127546399	4.24264068711928	2.21920348405499	1.03354029192439	50.48075	30.4863055555556	1
136	UA003	16	48	6	j	nat	cut	UA003.6.j	77	15	n	77	6.56	0.804	14	n	NA	9	13.5	3.7	NA	NA	NA	NA	NA	NA	NA	NA	NA	NA	NA	NA	NA			3	2.60268968544438	1.30833281965018	3.74165738677394	3.87298334620742	1.880990602956	-0.218156009803171	50.48075	30.4863055555556	0
137	UA003	11	5	9A	a	nat	cut	UA003.9A.a	77	25	y	77	8.47	2.659	16	n	NA	10	15.1	3.4	NA	NA	77	NA	NA	NA	NA	NA	NA	77	NA	3	NA			3.16227766016838	2.71469474382088	1.22377543162212	4	5	2.13653050866396	0.977950112260883	50.48075	30.4863055555556	1
138	UA003	10	39	8	a	nat	cut	UA003.8.a	76	25	n	76	8.12	2.811	17	n	NA	10	15.1	3.2	NA	NA	NA	NA	NA	NA	NA	NA	NA	NA	NA	NA	NA			3.16227766016838	2.71469474382088	1.16315080980568	4.12310562561766	5	2.09433015417359	1.03354029192439	50.48075	30.4863055555556	0
139	UA003	38	5	9A	f	nat	cut	UA003.9A.f	76	15	n	76	6.89	2.12	16	n	NA	12	15	5.5	NA	NA	NA	NA	NA	NA	NA	NA	NA	NA	NA	NA	NA			3.46410161513775	2.70805020110221	1.70474809223843	4	3.87298334620742	1.93007108502557	0.751416088683921	50.48075	30.4863055555556	0
140	UA003	4	28	7A	d	nat	cut	UA003.7A.d	76	30	n	76	6.18	3.183	20	n	NA	9	15.5	3.3	NA	NA	NA	NA	NA	NA	NA	NA	NA	NA	NA	NA	NA			3	2.7408400239252	1.19392246847243	4.47213595499958	5.47722557505166	1.8213182714696	1.15782414829996	50.48075	30.4863055555556	0
141	UA004	38	42	7	e	nat	cut	UA004.7.e	76	19	y	76	8.6	1.282	21	n	NA	12	13.6	4.5	NA	NA	53	NA	NA	NA	53	1	3.9	69	1	13.5	NA			3.46410161513775	2.61006979274201	1.50407739677627	4.58257569495584	4.35889894354067	2.15176220325946	0.248421358498478	48.6460277777778	30.7750833333333	1
142	UA004	41	29	7	g	nat	cut	UA004.7.g	76	31	n	76	8.37	1.419	27	y	NA	17	15.5	3.6	NA	NA	NA	NA	NA	NA	NA	NA	NA	NA	NA	NA	NA			4.12310562561766	2.7408400239252	1.28093384546206	5.19615242270663	5.56776436283002	2.12465388450138	0.349952398177906	48.6460277777778	30.7750833333333	0
143	UA004	33	29	27	g	nat	cut	UA004.27.g	76	32	n	76	8.37	1.548	19	n	NA	14	13.6	2.1	15	NA	NA	NA	NA	NA	NA	NA	NA	NA	NA	NA	NA			3.74165738677394	2.61006979274201	0.741937344729377	4.35889894354067	5.65685424949238	2.12465388450138	0.436963775167535	48.6460277777778	30.7750833333333	0
144	UA004	4	27	18	i	nat	cut	UA004.18.i	76	47	n	76	12.13	1.749	33	y	NA	20	12.4	2.8	NA	NA	NA	NA	NA	NA	NA	NA	NA	NA	NA	NA	NA			4.47213595499958	2.51769647261099	1.02961941718116	5.74456264653803	6.85565460040104	2.49568172295596	0.559044196036465	48.6460277777778	30.7750833333333	0
145	UA004	16	16	18	b	nat	cut	UA004.18.b	77	31	n	77	6.17	1.157	19	y	NA	13	14.8	2.3	NA	NA	NA	NA	NA	NA	NA	NA	NA	NA	NA	NA	NA			3.60555127546399	2.69462718077007	0.832909122935104	4.35889894354067	5.56776436283002	1.8196988379173	0.14583044821154	48.6460277777778	30.7750833333333	0
146	UA004	11	50	5	a	nat	cut	UA004.5.a	77	57	n	77	9.54	5.202	18	n	NA	12	10.2	2.4	15	NA	NA	NA	NA	NA	NA	NA	NA	NA	NA	NA	NA			3.46410161513775	2.32238772029023	0.8754687373539	4.24264068711928	7.54983443527075	2.2554934854602	1.64904316702646	48.6460277777778	30.7750833333333	0
147	UA004	10	31	15	h	nat	cut	UA004.15.h	76	38	n	76	7.82	2.127	23	y	NA	12	12.3	2.4	NA	NA	NA	NA	NA	NA	NA	NA	NA	NA	NA	NA	NA			3.46410161513775	2.50959926237837	0.8754687373539	4.79583152331272	6.16441400296898	2.05668455455722	0.7547125362181	48.6460277777778	30.7750833333333	0
148	UA005	33	20	15	e	nat	cut	UA005.15.e	76	0	y	76	6.92	1.254	14	n	NA	9	10.5	3	NA	NA	53	NA	NA	NA	53	1	17.5	69	1	37	NA			3	2.35137525716348	1.09861228866811	3.74165738677394	0	1.93441576962958	0.226338442210729	47.862	38.4606944444444	1
149	UA005	38	11	7	e	nat	cut	UA005.7.e	76	41	n	76	4.44	1.069	19	n	NA	12	19	5.5	NA	NA	NA	NA	NA	NA	NA	NA	NA	NA	NA	NA	NA			3.46410161513775	2.94443897916644	1.70474809223843	4.35889894354067	6.40312423743285	1.49065437644413	0.0667236320429081	47.862	38.4606944444444	0
150	UA005	41	5	18	b	nat	cut	UA005.18.b	76	36	n	76	6.54	1.052	27	n	NA	16	14.6	3.2	NA	NA	NA	NA	NA	NA	NA	NA	NA	NA	NA	NA	NA			4	2.68102152871429	1.16315080980568	5.19615242270663	6	1.87793716546911	0.0506931143155182	47.862	38.4606944444444	0
151	UA005	16	41	18	e	nat	cut	UA005.18.e	77	24	n	77	6.76	1.335	20	n	NA	10	12.9	2.6	NA	NA	NA	NA	NA	NA	NA	NA	NA	NA	NA	NA	NA			3.16227766016838	2.55722731136763	0.955511445027436	4.47213595499958	4.89897948556636	1.91102289005487	0.288931291852213	47.862	38.4606944444444	0
152	UA005	11	25	3	b	nat	cut	UA005.3.b	77	21	n	77	6.96	0.764	18	n	NA	13	14	4.1	15	NA	NA	NA	NA	NA	NA	NA	NA	NA	NA	NA	NA			3.60555127546399	2.63905732961526	1.41098697371026	4.24264068711928	4.58257569495584	1.94017947434633	-0.269187489815617	47.862	38.4606944444444	0
153	UA006	11	38	14	b	nat	cut	UA006.14.b	77	24	n	77	7.42	1.693	14	y	NA	9	16.8	3.2	NA	NA	NA	NA	NA	NA	NA	NA	NA	NA	NA	NA	NA			3	2.82137888640921	1.16315080980568	3.74165738677394	4.89897948556636	2.00417905717929	0.526502103150998	45.7083333333333	33.3497222222222	0
154	UA006	16	28	22	b	nat	cut	UA006.22.b	77	38	n	77	7.57	0.639	14	y	NA	NA	NA	NA	NA	NA	NA	NA	NA	NA	NA	NA	NA	NA	NA	NA	NA			NA	NA	NA	3.74165738677394	6.16441400296898	2.02419306744936	-0.447850824604602	45.7083333333333	33.3497222222222	0
155	UA006	10	19	14	e	nat	cut	UA006.14.e	76	5	y	76	6.76	0.951	15	n	NA	6	13.4	3.5	NA	NA	50	NA	NA	NA	50	1	26	69	1	32.6	NA			2.44948974278318	2.59525470695687	1.25276296849537	3.87298334620742	2.23606797749979	1.91102289005487	-0.0502412164367468	45.7083333333333	33.3497222222222	1
156	UA006	38	25	10	d	nat	cut	UA006.10.d	76	33	n	76	6.17	0.626	16	n	NA	8	18.3	5	NA	NA	NA	NA	NA	NA	NA	NA	NA	NA	NA	NA	NA			2.82842712474619	2.90690105984738	1.6094379124341	4	5.74456264653803	1.8196988379173	-0.468404907882039	45.7083333333333	33.3497222222222	0
157	UA008	33	41	25	h	nat	cut	UA008.25.h	76	19	y	76	5.6	1.344	13	n	NA	NA	NA	NA	NA	NA	53	NA	NA	NA	53	1	5.5	69	1	45	NA			NA	NA	NA	3.60555127546399	4.35889894354067	1.7227665977411	0.295650242100958	46.7572222222222	32.7661111111111	1
158	UA008	4	8	13	i	nat	cut	UA008.13.i	76	24	n	76	7.81	2.024	16	n	NA	NA	NA	NA	NA	NA	NA	NA	NA	NA	NA	NA	NA	NA	NA	NA	NA			NA	NA	NA	4	4.89897948556636	2.05540496385159	0.705075751425219	46.7572222222222	32.7661111111111	0
159	UA008	10	48	18	e	nat	cut	UA008.18.e	76	20	n	76	6.02	0.768	15	n	NA	NA	NA	NA	NA	NA	NA	NA	NA	NA	NA	NA	NA	NA	NA	NA	NA			NA	NA	NA	3.87298334620742	4.47213595499958	1.79508725932073	-0.263965545834465	46.7572222222222	32.7661111111111	0
160	US001	16	32	14	a	inv	cut	US001.14.a	77	31	n	77	7.43	1.53	20	y	NA	13	15.2	3.3	NA	NA	NA	NA	NA	NA	NA	NA	NA	NA	NA	NA	NA			3.60555127546399	2.72129542785223	1.19392246847243	4.47213595499958	5.56776436283002	2.00552585872967	0.425267735404344	45.6152333333333	-120.787533333333	0
161	US001	4	22	3	j	inv	cut	US001.3.j	76	27	n	76	7.56	2.146	17	y	NA	12	13.1	2.4	NA	NA	NA	NA	NA	NA	NA	NA	NA	NA	NA	NA	NA			3.46410161513775	2.57261223020711	0.8754687373539	4.12310562561766	5.19615242270663	2.02287119019144	0.763605644208507	45.6152333333333	-120.787533333333	0
162	US001	11	10	3	i	inv	cut	US001.3.i	77	27	n	77	8.08	3.233	17	n	NA	11	13.6	4	NA	NA	NA	NA	NA	NA	NA	NA	NA	NA	NA	NA	NA			3.3166247903554	2.61006979274201	1.38629436111989	4.12310562561766	5.19615242270663	2.089391872533	1.1734104987433	45.6152333333333	-120.787533333333	0
163	US001	41	23	23	e	inv	cut	US001.23.e	76	34	n	76	7.61	4.151	18	y	NA	12	17.2	3.2	NA	NA	NA	NA	NA	NA	NA	NA	NA	NA	NA	NA	NA			3.46410161513775	2.84490938381941	1.16315080980568	4.24264068711928	5.8309518948453	2.02946317187359	1.4233492690709	45.6152333333333	-120.787533333333	0
164	US001	38	37	3	h	inv	cut	US001.3.h	76	35	n	76	6.71	0.231	21	n	NA	11	12.3	3.5	NA	NA	NA	NA	NA	NA	NA	NA	NA	NA	NA	NA	NA			3.3166247903554	2.50959926237837	1.25276296849537	4.58257569495584	5.91607978309962	1.90359895098359	-1.46533756846034	45.6152333333333	-120.787533333333	0
165	US001	10	33	3	g	inv	cut	US001.3.g	76	30	n	76	6.4	1.408	18	n	NA	11	12.2	3.6	NA	NA	NA	NA	NA	NA	NA	NA	NA	NA	NA	NA	NA			3.3166247903554	2.50143595173921	1.28093384546206	4.24264068711928	5.47722557505166	1.85629799036563	0.342170257735851	45.6152333333333	-120.787533333333	0
166	US001	33	17	22	h	inv	cut	US001.22.h	76	34	n	76	6.18	1.887	22	n	NA	12	14.6	3.8	NA	NA	NA	NA	NA	NA	NA	NA	NA	NA	NA	NA	NA			3.46410161513775	2.68102152871429	1.33500106673234	4.69041575982343	5.8309518948453	1.8213182714696	0.634988266386413	45.6152333333333	-120.787533333333	0
167	US002	11	24	24	b	inv	cut	US002.24.b	77	35	n	77	7.42	0.891	19	n	NA	10	12.8	2.6	NA	NA	NA	NA	NA	NA	NA	NA	NA	NA	NA	NA	NA			3.16227766016838	2.54944517092557	0.955511445027436	4.35889894354067	5.91607978309962	2.00417905717929	-0.115410851511328	46.1822666666667	-118.82615	0
168	US002	41	21	5	j	inv	cut	US002.5.j	76	29	n	76	7.86	1.835	18	n	NA	12	16	2	NA	NA	NA	NA	NA	NA	NA	NA	NA	NA	NA	NA	NA			3.46410161513775	2.77258872223978	0.693147180559945	4.24264068711928	5.3851648071345	2.06178660644112	0.607044481506534	46.1822666666667	-118.82615	0
169	US002	10	5	5	b	inv	cut	US002.5.b	76	24	n	76	7.3	1.824	20	n	NA	12	9.4	2.6	NA	NA	NA	NA	NA	NA	NA	NA	NA	NA	NA	NA	NA			3.46410161513775	2.24070968927596	0.955511445027436	4.47213595499958	4.89897948556636	1.98787434815435	0.60103189165214	46.1822666666667	-118.82615	0
170	US002	33	39	22	a	inv	cut	US002.22.a	76	23	n	76	7.18	1.321	18	n	NA	13	16.9	3.1	NA	NA	NA	NA	NA	NA	NA	NA	NA	NA	NA	NA	NA			3.60555127546399	2.82731362192903	1.1314021114911	4.24264068711928	4.79583152331272	1.97129938306013	0.278389025540188	46.1822666666667	-118.82615	0
171	US002	4	49	22	c	inv	cut	US002.22.c	76	35	n	76	8.28	2.79	15	n	NA	10	16.2	3.1	NA	NA	NA	NA	NA	NA	NA	NA	NA	NA	NA	NA	NA			3.16227766016838	2.78501124223834	1.1314021114911	3.87298334620742	5.91607978309962	2.11384296839717	1.02604159583327	46.1822666666667	-118.82615	0
172	US002	38	49	17	h	inv	cut	US002.17.h	76	17	n	76	7.37	0.507	12	n	NA	11	19.5	3.5	NA	NA	NA	NA	NA	NA	NA	NA	NA	NA	NA	NA	NA			3.3166247903554	2.9704144655697	1.25276296849537	3.46410161513775	4.12310562561766	1.99741770620125	-0.679244275390954	46.1822666666667	-118.82615	0
173	US003	4	33	28	g	inv	cut	US003.28.g	76	30	n	76	6.54	5.124	16	y	NA	11	18.3	3.5	NA	NA	NA	NA	NA	NA	NA	NA	NA	NA	NA	NA	NA			3.3166247903554	2.90690105984738	1.25276296849537	4	5.47722557505166	1.87793716546911	1.63393538403449	46.60415	-116.64175	0
174	US003	41	11	19	d	inv	cut	US003.19.d	76	37	n	76	6.13	1.662	24	y	NA	15	13.4	2.2	NA	NA	NA	NA	NA	NA	NA	NA	NA	NA	NA	NA	NA			3.87298334620742	2.59525470695687	0.78845736036427	4.89897948556636	6.08276253029822	1.81319474994812	0.508021696433256	46.60415	-116.64175	0
175	US003	10	3	28	c	inv	cut	US003.28.c	76	38	n	76	8.92	3.086	31	y	NA	15	11.2	3.1	NA	NA	NA	NA	NA	NA	NA	NA	NA	NA	NA	NA	NA			3.87298334620742	2.41591377830105	1.1314021114911	5.56776436283002	6.16441400296898	2.18829594659192	1.12687575394097	46.60415	-116.64175	0
176	US003	38	30	28	d	inv	cut	US003.28.d	76	23	n	76	7.72	2.381	12	n	NA	11	20	4	NA	NA	NA	NA	NA	NA	NA	NA	NA	NA	NA	NA	NA			3.3166247903554	2.99573227355399	1.38629436111989	3.46410161513775	4.79583152331272	2.04381436403668	0.867520567504726	46.60415	-116.64175	0
177	US003	33	47	20	g	inv	cut	US003.20.g	76	29	n	76	6.39	1.568	16	n	NA	11	15.6	3.6	NA	NA	NA	NA	NA	NA	NA	NA	NA	NA	NA	NA	NA			3.3166247903554	2.74727091425549	1.28093384546206	4	5.3851648071345	1.85473426838944	0.449800921928216	46.60415	-116.64175	0
178	US003	11	27	6	i	inv	cut	US003.6.i	77	15	n	77	5.86	0.775	14	n	NA	8	12.6	3.1	NA	NA	NA	NA	NA	NA	NA	NA	NA	NA	NA	NA	NA			2.82842712474619	2.53369681395743	1.1314021114911	3.74165738677394	3.87298334620742	1.76814960358892	-0.25489224962879	46.60415	-116.64175	0
179	US003	16	22	19	e	inv	cut	US003.19.e	77	27	n	77	6.73	1.748	17	n	NA	11	10.3	2.5	15	NA	NA	NA	NA	NA	NA	NA	NA	NA	NA	NA	NA			3.3166247903554	2.33214389523559	0.916290731874155	4.12310562561766	5.19615242270663	1.90657514365664	0.558472277233344	46.60415	-116.64175	0
180	US011	16	14	8	g	inv	cut	US011.8.g	77	26	n	77	8.32	1.39	21	y	NA	11	14.9	5.5	NA	NA	NA	NA	NA	NA	NA	NA	NA	NA	NA	NA	NA			3.3166247903554	2.70136121295141	1.70474809223843	4.58257569495584	5.09901951359278	2.11866225483312	0.3293037471426	43.3855277777778	-106.937333333333	0
181	US011	11	15	8	b	inv	cut	US011.8.b	77	NA	n	77	6.57	1.448	14	n	NA	11	19.4	3.9	15	NA	NA	NA	NA	NA	NA	NA	NA	NA	NA	NA	NA			3.3166247903554	2.96527306606928	1.3609765531356	3.74165738677394	NA	1.88251383249652	0.370183293963525	43.3855277777778	-106.937333333333	0
182	US012	38	24	29	a	inv	cut	US012.29.a	76	25	n	76	5.94	0.745	11	n	NA	8	18.5	6	NA	NA	NA	NA	NA	NA	NA	NA	NA	NA	NA	NA	NA			2.82842712474619	2.91777073208428	1.79175946922805	3.3166247903554	5	1.78170913337455	-0.294371060602578	40.5281527777778	-104.848788888889	0
183	US012	11	29	31	f	inv	cut	US012.31.f	77	15	n	77	4.77	0.129	15	n	NA	5	11.3	2.1	NA	NA	NA	NA	NA	NA	NA	NA	NA	NA	NA	NA	NA			2.23606797749979	2.42480272571829	0.741937344729377	3.87298334620742	3.87298334620742	1.56234630490025	-2.04794287462046	40.5281527777778	-104.848788888889	0
184	US012	33	46	28	e	inv	cut	US012.28.e	76	12	n	76	4.06	0.321	8	n	NA	NA	NA	NA	NA	NA	NA	NA	NA	NA	NA	NA	NA	NA	NA	NA	NA			NA	NA	NA	2.82842712474619	3.46410161513775	1.40118297361364	-1.13631415585212	40.5281527777778	-104.848788888889	0
185	US014	10	49	22	h	inv	cut	US014.22.h	76	19	n	76	5.48	1.009	15	n	NA	9	13.1	1.9	NA	NA	NA	NA	NA	NA	NA	NA	NA	NA	NA	NA	NA			3	2.57261223020711	0.641853886172395	3.87298334620742	4.35889894354067	1.70110510095992	0.0089597413714718	40.1222666666667	-101.280283333333	0
186	US014	33	14	16	f	inv	cut	US014.16.f	76	27	n	76	6.34	2.59	14	n	NA	9	14	2.3	NA	NA	NA	NA	NA	NA	NA	NA	NA	NA	NA	NA	NA			3	2.63905732961526	0.832909122935104	3.74165738677394	5.19615242270663	1.84687876844913	0.951657875711446	40.1222666666667	-101.280283333333	0
187	US014	4	15	22	g	inv	cut	US014.22.g	76	29	n	76	6.76	2.121	16	n	NA	9	12.7	3.1	NA	NA	NA	NA	NA	NA	NA	NA	NA	NA	NA	NA	NA			3	2.54160199346455	1.1314021114911	4	5.3851648071345	1.91102289005487	0.751887675582545	40.1222666666667	-101.280283333333	0
188	US014	41	40	16	a	inv	cut	US014.16.a	76	31	n	76	7.32	1.624	20	n	NA	12	18	3.2	NA	NA	NA	NA	NA	NA	NA	NA	NA	NA	NA	NA	NA			3.46410161513775	2.89037175789616	1.16315080980568	4.47213595499958	5.56776436283002	1.99061032797322	0.484892241739486	40.1222666666667	-101.280283333333	0
189	US014	16	46	16	c	inv	cut	US014.16.c	77	24	n	77	8.84	0.796	17	n	NA	10	15.4	5.3	NA	NA	NA	NA	NA	NA	NA	NA	NA	NA	NA	NA	NA			3.16227766016838	2.73436750941958	1.66770682055808	4.12310562561766	4.89897948556636	2.17928687664955	-0.228156093137754	40.1222666666667	-101.280283333333	0
190	US014	11	35	17	c	inv	cut	US014.17.c	77	18	n	77	6.84	0.854	15	n	NA	NA	NA	NA	NA	NA	NA	NA	NA	NA	NA	NA	NA	NA	NA	NA	NA			NA	NA	NA	3.87298334620742	4.24264068711928	1.92278773163446	-0.157824085193567	40.1222666666667	-101.280283333333	0
191	US015	38	44	15	f	inv	cut	US015.15.f	76	17	n	76	6.46	0.779	15	n	NA	9	15.5	5	NA	NA	NA	NA	NA	NA	NA	NA	NA	NA	NA	NA	NA			3	2.7408400239252	1.6094379124341	3.87298334620742	4.12310562561766	1.86562931779451	-0.249744233111389	42.7253611111111	-118.001033333333	0
192	US015	11	37	3	k	inv	cut	US015.3.k	77	23	n	77	7.69	0.702	18	n	NA	10	11.8	2.9	15	NA	NA	NA	NA	NA	NA	NA	NA	NA	NA	NA	NA			3.16227766016838	2.46809953147162	1.06471073699243	4.24264068711928	4.79583152331272	2.03992078351755	-0.353821874956326	42.7253611111111	-118.001033333333	0
193	US015	10	36	2	b	inv	cut	US015.2.b	76	39	n	76	7.85	2.385	20	n	NA	12	13.3	4.1	NA	NA	NA	NA	NA	NA	NA	NA	NA	NA	NA	NA	NA			3.46410161513775	2.58776403522771	1.41098697371026	4.47213595499958	6.2449979983984	2.06051353179432	0.869199124340304	42.7253611111111	-118.001033333333	0
194	US015	4	47	17	g	inv	cut	US015.17.g	76	32	n	76	7.29	1.696	22	n	NA	11	9.8	3.4	NA	NA	NA	NA	NA	NA	NA	NA	NA	NA	NA	NA	NA			3.3166247903554	2.28238238567653	1.22377543162212	4.69041575982343	5.65685424949238	1.98650354602057	0.528272537369711	42.7253611111111	-118.001033333333	0
195	US015	41	39	17	a	inv	cut	US015.17.a	76	27	n	76	6.42	0.886	14	n	NA	10	17	4.1	NA	NA	NA	NA	NA	NA	NA	NA	NA	NA	NA	NA	NA			3.16227766016838	2.83321334405622	1.41098697371026	3.74165738677394	5.19615242270663	1.85941811770187	-0.121038328377056	42.7253611111111	-118.001033333333	0
196	US015	16	47	3	a	inv	cut	US015.3.a	77	22	n	77	8.72	1.185	17	n	NA	13	14	2.9	NA	NA	NA	NA	NA	NA	NA	NA	NA	NA	NA	NA	NA			3.60555127546399	2.63905732961526	1.06471073699243	4.12310562561766	4.69041575982343	2.16561923792089	0.169742774587095	42.7253611111111	-118.001033333333	0
197	US020	11	17	27	b	inv	cut	US020.27.b	77	32	n	77	8.23	1.527	18	n	NA	8	14	2.9	NA	NA	NA	NA	NA	NA	NA	NA	NA	NA	NA	NA	NA			2.82842712474619	2.63905732961526	1.06471073699243	4.24264068711928	5.65685424949238	2.10778601468898	0.423305026236495	46.9839888888889	-119.580186111111	0
198	US020	16	40	42	b	inv	cut	US020.42.b	77	24	n	77	8.12	1.052	15	n	NA	10	15	3.1	15	NA	NA	NA	NA	NA	NA	NA	NA	NA	NA	NA	NA			3.16227766016838	2.70805020110221	1.1314021114911	3.87298334620742	4.89897948556636	2.09433015417359	0.0506931143155182	46.9839888888889	-119.580186111111	0
199	US020	41	50	24	e	inv	cut	US020.24.e	76	23	n	76	7.6	0.981	15	n	NA	12	20.6	4.2	15	NA	NA	NA	NA	NA	NA	NA	NA	NA	NA	NA	NA			3.46410161513775	3.02529107579554	1.43508452528932	3.87298334620742	4.79583152331272	2.02814824729229	-0.019182819416774	46.9839888888889	-119.580186111111	0
200	US022	11	13	42	k	inv	cut	US022.42.k	77	28	n	77	7.72	1.841	19	n	NA	11	12.9	2.1	NA	NA	NA	NA	NA	NA	NA	NA	NA	NA	NA	NA	NA			3.3166247903554	2.55722731136763	0.741937344729377	4.35889894354067	5.29150262212918	2.04381436403668	0.610308902250941	45.74515	-119.784683333333	0
201	US022	38	16	17	h	inv	cut	US022.17.h	76	19	n	76	6.44	3.17	20	n	NA	13	19.7	6	NA	NA	NA	NA	NA	NA	NA	NA	NA	NA	NA	NA	NA			3.60555127546399	2.98061863574394	1.79175946922805	4.47213595499958	4.35889894354067	1.86252854011626	1.15373158788919	45.74515	-119.784683333333	0
202	US022	10	26	41	f	inv	cut	US022.41.f	76	31	n	76	5.69	1.597	18	y	NA	NA	NA	NA	15	NA	NA	NA	NA	NA	NA	NA	NA	NA	NA	NA	NA			NA	NA	NA	4.24264068711928	5.56776436283002	1.73871024813824	0.468126869232875	45.74515	-119.784683333333	0
203	US022	41	24	42	c	inv	cut	US022.42.c	76	20	n	76	7.08	1.969	15	n	NA	11	15.1	4	15	NA	NA	NA	NA	NA	NA	NA	NA	NA	NA	NA	NA			3.3166247903554	2.71469474382088	1.38629436111989	3.87298334620742	4.47213595499958	1.95727390770563	0.677525799656989	45.74515	-119.784683333333	0
204	US023	16	50	34	a	inv	cut	US023.34.a	77	27	n	77	6.03	1.885	15	y	NA	8	14.1	4.7	NA	NA	NA	NA	NA	NA	NA	NA	NA	NA	NA	NA	NA			2.82842712474619	2.64617479738412	1.54756250871601	3.87298334620742	5.19615242270663	1.79674701073909	0.633927820899974	39.224275	-103.122291666667	0
205	US023	4	50	41	b	inv	cut	US023.41.b	76	20	n	76	7.29	1.684	12	n	NA	NA	NA	NA	15	NA	NA	NA	NA	NA	NA	NA	NA	NA	NA	NA	NA			NA	NA	NA	3.46410161513775	4.47213595499958	1.98650354602057	0.521171915820135	39.224275	-103.122291666667	0
206	US026	33	21	35	a	inv	cut	US026.35.a	76	21	n	76	4.63	1.29	12	n	NA	4	10	1.5	NA	NA	NA	NA	NA	NA	NA	NA	NA	NA	NA	NA	NA			2	2.30258509299405	0.405465108108164	3.46410161513775	4.58257569495584	1.53255686809814	0.254642218373581	40.3719055555556	-104.472561111111	0
207	US026	10	44	23	b	inv	cut	US026.23.b	76	20	n	76	6.46	1.361	14	n	NA	9	15.4	4.4	NA	NA	NA	NA	NA	NA	NA	NA	NA	NA	NA	NA	NA			3	2.73436750941958	1.48160454092422	3.74165738677394	4.47213595499958	1.86562931779451	0.308219723669329	40.3719055555556	-104.472561111111	0
208	US026	11	45	24	c	inv	cut	US026.24.c	77	19	n	77	6.19	1.074	15	n	NA	8	10.5	1.9	15	NA	NA	NA	NA	NA	NA	NA	NA	NA	NA	NA	NA			2.82842712474619	2.35137525716348	0.641853886172395	3.87298334620742	4.35889894354067	1.8229350866965	0.071389996086673	40.3719055555556	-104.472561111111	0
