PopID	Rack	Pos	Mom	Indiv	Origin	Trt	Wilt	TotWilt	Death	Note	ID	LfCount1	LfLgth1	LfWdth1	LfCount1.sq	LfLgth1.log	LfWdth1.log	Latitude	Longitude	lxw
1	BG001	17	48	16	h	nat	drought	2	4	16		BG001.16.h	14	13.2	4.1	3.74165738677394	2.58021682959233	1.41098697371026	43.3819444444444	28.4575	54.12
2	BG001	50	36	29	f	nat	drought	4	5	13		BG001.29.f	12	15.5	4.2	3.46410161513775	2.7408400239252	1.43508452528932	43.3819444444444	28.4575	65.1
3	BG001	48	36	29	i	nat	drought	3	6	12		BG001.29.i	13	13.9	2.9	3.60555127546399	2.63188884013665	1.06471073699243	43.3819444444444	28.4575	40.31
4	BG001	1	37	16	i	nat	drought	3	5	13		BG001.16.i	12	14.7	3	3.46410161513775	2.68784749378469	1.09861228866811	43.3819444444444	28.4575	44.1
5	BG001	37	36	22	e	nat	drought	5	7	12		BG001.22.e	13	12	1	3.60555127546399	2.484906649788	0	43.3819444444444	28.4575	12
6	BG001	46	43	17	h	nat	drought	5	7	12		BG001.17.h	12	12	1.8	3.46410161513775	2.484906649788	0.587786664902119	43.3819444444444	28.4575	21.6
7	BG001	19	40	25	d	nat	drought	1	4	13		BG001.25.d	12	12.1	3.2	3.46410161513775	2.4932054526027	1.16315080980568	43.3819444444444	28.4575	38.72
8	CA001	46	27	7	f	inv	drought	5	6	15		CA001.7.f	9	14.7	4.2	3	2.68784749378469	1.43508452528932	49.0149388888889	-122.882097222222	61.74
9	CA001	50	9	6	j	inv	drought	1	4	8		CA001.6.j	12	15.2	4.2	3.46410161513775	2.72129542785223	1.43508452528932	49.0149388888889	-122.882097222222	63.84
10	CA001	48	28	3	e	inv	drought	2	6	12		CA001.3.e	11	15.4	4.6	3.3166247903554	2.73436750941958	1.52605630349505	49.0149388888889	-122.882097222222	70.84
11	CA001	17	17	7	j	inv	drought	2	5	11		CA001.7.j	10	17.4	4.7	3.16227766016838	2.85647020622048	1.54756250871601	49.0149388888889	-122.882097222222	81.78
12	CA001	37	35	2	g	inv	drought	4	6	11		CA001.2.g	9	15.5	4	3	2.7408400239252	1.38629436111989	49.0149388888889	-122.882097222222	62
13	CA001	1	25	4	h	inv	drought	4	6	12		CA001.4.h	13	11	3.3	3.60555127546399	2.39789527279837	1.19392246847243	49.0149388888889	-122.882097222222	36.3
14	CA001	19	19	3	d	inv	drought	3	4	11		CA001.3.d	13	15.1	3.9	3.60555127546399	2.71469474382088	1.3609765531356	49.0149388888889	-122.882097222222	58.89
15	CA008	50	6	5	m	inv	drought	5	8	12		CA008.5.m	10	12.2	3.8	3.16227766016838	2.50143595173921	1.33500106673234	49.0120833333333	-118.645711111111	46.36
16	CA008	19	27	4	a	inv	drought	2	4	12		CA008.4.a	13	14.5	2.5	3.60555127546399	2.67414864942653	0.916290731874155	49.0120833333333	-118.645711111111	36.25
17	CA008	17	16	4	d	inv	drought	3	6	12		CA008.4.d	12	12.7	3.6	3.46410161513775	2.54160199346455	1.28093384546206	49.0120833333333	-118.645711111111	45.72
18	CA008	37	17	5	e	inv	drought	3	5	14		CA008.5.e	12	15	4.5	3.46410161513775	2.70805020110221	1.50407739677627	49.0120833333333	-118.645711111111	67.5
19	CA008	1	43	2	e	inv	drought	1	3	12		CA008.2.e	13	13	4	3.60555127546399	2.56494935746154	1.38629436111989	49.0120833333333	-118.645711111111	52
20	GR001	50	4	28	a	nat	drought	5	7	13		GR001.28.a	8	13.2	3.3	2.82842712474619	2.58021682959233	1.19392246847243	40.1566666666667	22.5480555555556	43.56
21	GR001	48	1	26	b	nat	drought	3	6	11		GR001.26.b	10	13.6	3.1	3.16227766016838	2.61006979274201	1.1314021114911	40.1566666666667	22.5480555555556	42.16
22	GR001	17	46	14	f	nat	drought	2	4	12		GR001.14.f	10	14.8	3	3.16227766016838	2.69462718077007	1.09861228866811	40.1566666666667	22.5480555555556	44.4
23	GR001	1	14	14	a	nat	drought	8	10	16		GR001.14.a	8	16.8	4.6	2.82842712474619	2.82137888640921	1.52605630349505	40.1566666666667	22.5480555555556	77.28
24	GR001	46	5	14	g	nat	drought	4	6	12		GR001.14.g	11	16	3	3.3166247903554	2.77258872223978	1.09861228866811	40.1566666666667	22.5480555555556	48
25	GR001	37	8	14	j	nat	drought	3	6	12		GR001.14.j	7	15.5	3	2.64575131106459	2.7408400239252	1.09861228866811	40.1566666666667	22.5480555555556	46.5
26	GR002	17	44	25	e	nat	drought	1	3	12		GR002.25.e	11	11.8	2.3	3.3166247903554	2.46809953147162	0.832909122935104	40.6213888888889	23.0786111111111	27.14
27	GR002	48	39	13	h	nat	drought	3	4	12		GR002.13.h	10	18.2	5.2	3.16227766016838	2.90142159408275	1.64865862558738	40.6213888888889	23.0786111111111	94.64
28	GR002	46	35	17	e	nat	drought	4	7	13		GR002.17.e	10	15.4	2.4	3.16227766016838	2.73436750941958	0.8754687373539	40.6213888888889	23.0786111111111	36.96
29	GR002	1	26	13	i	nat	drought	3	5	16		GR002.13.i	8	17.8	3.6	2.82842712474619	2.87919845729804	1.28093384546206	40.6213888888889	23.0786111111111	64.08
30	GR002	50	50	2	d	nat	drought	3	6	13		GR002.2.d	11	12.4	3.2	3.3166247903554	2.51769647261099	1.16315080980568	40.6213888888889	23.0786111111111	39.68
31	GR002	37	26	25	c	nat	drought	6	8	18		GR002.25.c	7	18	2	2.64575131106459	2.89037175789616	0.693147180559945	40.6213888888889	23.0786111111111	36
32	GR003	1	5	10	f	nat	drought	3	6	13		GR003.10.f	10	13.8	3.8	3.16227766016838	2.62466859216316	1.33500106673234	40.8508333333333	25.7930555555556	52.44
33	GR003	37	42	9	b	nat	drought	3	7	12		GR003.9.b	10	12	2	3.16227766016838	2.484906649788	0.693147180559945	40.8508333333333	25.7930555555556	24
34	GR003	19	34	10	h	nat	drought	3	6	13		GR003.10.h	7	15.3	3.5	2.64575131106459	2.72785282839839	1.25276296849537	40.8508333333333	25.7930555555556	53.55
35	GR003	17	5	17	g	nat	drought	3	6	12		GR003.17.g	8	16.4	2.2	2.82842712474619	2.79728133483015	0.78845736036427	40.8508333333333	25.7930555555556	36.08
36	GR003	46	32	3	f	nat	drought	5	8	12		GR003.3.f	10	14.5	2.1	3.16227766016838	2.67414864942653	0.741937344729377	40.8508333333333	25.7930555555556	30.45
37	GR003	50	17	3	c	nat	drought	10	13	18		GR003.3.c	5	12.2	2.3	2.23606797749979	2.50143595173921	0.832909122935104	40.8508333333333	25.7930555555556	28.06
38	GR003	48	47	9	g	nat	drought	3	4	8		GR003.9.g	8	14.5	3.1	2.82842712474619	2.67414864942653	1.1314021114911	40.8508333333333	25.7930555555556	44.95
39	HU001	46	9	5	g	nat	drought	7	12	13		HU001.5.g	6	11.5	1.6	2.44948974278318	2.4423470353692	0.470003629245736	47.6419444444444	18.7825	18.4
40	HU001	19	30	24	k	nat	drought	3	5	12		HU001.24.k	12	17.2	4	3.46410161513775	2.84490938381941	1.38629436111989	47.6419444444444	18.7825	68.8
41	HU001	50	32	28	j	nat	drought	5	7	11		HU001.28.j	12	15.1	4.6	3.46410161513775	2.71469474382088	1.52605630349505	47.6419444444444	18.7825	69.46
42	HU001	17	28	14	m	nat	drought	3	6	12		HU001.14.m	9	17	4.1	3	2.83321334405622	1.41098697371026	47.6419444444444	18.7825	69.7
43	HU001	1	40	14	a	nat	drought	2	5	11		HU001.14.a	10	12.6	4.2	3.16227766016838	2.53369681395743	1.43508452528932	47.6419444444444	18.7825	52.92
44	HU001	48	38	24	c	nat	drought	3	5	12		HU001.24.c	8	17.2	5	2.82842712474619	2.84490938381941	1.6094379124341	47.6419444444444	18.7825	86
45	HU001	37	10	24	e	nat	drought	3	6	8		HU001.24.e	10	20.5	2	3.16227766016838	3.02042488614436	0.693147180559945	47.6419444444444	18.7825	41
46	RO001	19	13	21	j	nat	drought	5	7	12		RO001.21.j	10	11.4	2.1	3.16227766016838	2.43361335540045	0.741937344729377	44.1102777777778	28.6369444444444	23.94
47	RO001	17	20	21	b	nat	drought	5	8	12		RO001.21.b	5	8	1.2	2.23606797749979	2.07944154167984	0.182321556793955	44.1102777777778	28.6369444444444	9.6
48	RO001	48	18	12	g	nat	drought	3	7	17		RO001.12.g	8	19	5.6	2.82842712474619	2.94443897916644	1.7227665977411	44.1102777777778	28.6369444444444	106.4
49	RO001	46	26	12	c	nat	drought	5	9	14		RO001.12.c	7	15.5	3.2	2.64575131106459	2.7408400239252	1.16315080980568	44.1102777777778	28.6369444444444	49.6
50	RO001	37	27	6	f	nat	drought	3	4	13		RO001.6.f	12	20	3.5	3.46410161513775	2.99573227355399	1.25276296849537	44.1102777777778	28.6369444444444	70
51	RO001	50	38	6	d	nat	drought	3	5	15		RO001.6.d	10	15	3	3.16227766016838	2.70805020110221	1.09861228866811	44.1102777777778	28.6369444444444	45
52	RO001	1	46	6	a	nat	drought	1	3	12		RO001.6.a	12	14.6	5.4	3.46410161513775	2.68102152871429	1.68639895357023	44.1102777777778	28.6369444444444	78.84
53	RO002	46	38	13	e	nat	drought	5	6	16		RO002.13.e	9	11.6	2.6	3	2.45100509811232	0.955511445027436	43.9024333333333	28.5739166666667	30.16
54	RO002	48	37	13	b	nat	drought	5	6	12		RO002.13.b	10	12.1	2.5	3.16227766016838	2.4932054526027	0.916290731874155	43.9024333333333	28.5739166666667	30.25
55	RO002	1	8	12	f	nat	drought	3	4	12		RO002.12.f	9	15	2.7	3	2.70805020110221	0.993251773010283	43.9024333333333	28.5739166666667	40.5
56	RO002	17	49	13	a	nat	drought	8	11	16		RO002.13.a	6	8.4	1.3	2.44948974278318	2.12823170584927	0.262364264467491	43.9024333333333	28.5739166666667	10.92
57	RO002	37	15	12	k	nat	drought	5	10	13		RO002.12.k	7	10.5	2	2.64575131106459	2.35137525716348	0.693147180559945	43.9024333333333	28.5739166666667	21
58	RO002	19	47	22	g	nat	drought	1	3	12		RO002.22.g	10	12.4	2.4	3.16227766016838	2.51769647261099	0.8754687373539	43.9024333333333	28.5739166666667	29.76
59	RO002	50	5	12	j	nat	drought	6	7	14		RO002.12.j	9	12.3	2.9	3	2.50959926237837	1.06471073699243	43.9024333333333	28.5739166666667	35.67
60	RO003	1	17	4	h	nat	drought	3	5	12		RO003.4.h	10	14	3	3.16227766016838	2.63905732961526	1.09861228866811	44.3896666666667	28.5266388888889	42
61	RO003	48	41	11	i	nat	drought	3	5	11		RO003.11.i	7	11.2	2.1	2.64575131106459	2.41591377830105	0.741937344729377	44.3896666666667	28.5266388888889	23.52
62	RO003	17	14	21	c	nat	drought	4	6	13		RO003.21.c	9	17.8	4	3	2.87919845729804	1.38629436111989	44.3896666666667	28.5266388888889	71.2
63	RO003	50	21	4	b	nat	drought	3	6	13		RO003.4.b	13	15.9	2.7	3.60555127546399	2.76631910922619	0.993251773010283	44.3896666666667	28.5266388888889	42.93
64	RO003	19	8	15	f	nat	drought	2	4	12		RO003.15.f	12	12.1	2.7	3.46410161513775	2.4932054526027	0.993251773010283	44.3896666666667	28.5266388888889	32.67
65	RO003	37	4	9	b	nat	drought	3	6	12		RO003.9.b	10	17	4	3.16227766016838	2.83321334405622	1.38629436111989	44.3896666666667	28.5266388888889	68
66	RO003	46	33	4	a	nat	drought	3	5	13		RO003.4.a	12	16	3.2	3.46410161513775	2.77258872223978	1.16315080980568	44.3896666666667	28.5266388888889	51.2
67	RO004	1	47	12	g	nat	drought	2	3	11		RO004.12.g	12	15	3.4	3.46410161513775	2.70805020110221	1.22377543162212	45.5761833333333	29.51805	51
68	RO004	50	34	3	h	nat	drought	4	5	14		RO004.3.h	12	17.2	3.2	3.46410161513775	2.84490938381941	1.16315080980568	45.5761833333333	29.51805	55.04
69	RO004	46	10	20	j	nat	drought	4	7	12		RO004.20.j	11	10.1	3.1	3.3166247903554	2.31253542384721	1.1314021114911	45.5761833333333	29.51805	31.31
70	RO004	17	6	3	b	nat	drought	2	4	12		RO004.3.b	12	15	3.5	3.46410161513775	2.70805020110221	1.25276296849537	45.5761833333333	29.51805	52.5
71	RO004	48	34	20	e	nat	drought	4	7	13		RO004.20.e	14	12	3	3.74165738677394	2.484906649788	1.09861228866811	45.5761833333333	29.51805	36
72	RO004	19	9	3	c	nat	drought	2	4	12		RO004.3.c	11	13.3	2.6	3.3166247903554	2.58776403522771	0.955511445027436	45.5761833333333	29.51805	34.58
73	RO004	37	1	21	b	nat	drought	4	6	12		RO004.21.b	11	13	3	3.3166247903554	2.56494935746154	1.09861228866811	45.5761833333333	29.51805	39
74	RO005	1	19	14	i	nat	drought	4	8	12		RO005.14.i	11	13.9	4	3.3166247903554	2.63188884013665	1.38629436111989	45.4978611111111	27.9118055555556	55.6
75	RO005	17	3	17	a	nat	drought	5	8	17		RO005.17.a	8	8.3	2.6	2.82842712474619	2.11625551480255	0.955511445027436	45.4978611111111	27.9118055555556	21.58
76	RO005	19	10	15	b	nat	drought	3	5	12		RO005.15.b	9	13	2.5	3	2.56494935746154	0.916290731874155	45.4978611111111	27.9118055555556	32.5
77	RO005	50	43	14	c	nat	drought	3	5	12		RO005.14.c	12	13.3	3.6	3.46410161513775	2.58776403522771	1.28093384546206	45.4978611111111	27.9118055555556	47.88
78	RO005	37	16	15	e	nat	drought	6	7	16		RO005.15.e	7	12	1.5	2.64575131106459	2.484906649788	0.405465108108164	45.4978611111111	27.9118055555556	18
79	RO005	46	13	25	j	nat	drought	3	9	12		RO005.25.j	8	10.9	2.8	2.82842712474619	2.3887627892351	1.02961941718116	45.4978611111111	27.9118055555556	30.52
80	RO005	48	30	23	e	nat	drought	3	7	13		RO005.23.e	11	17	5.6	3.3166247903554	2.83321334405622	1.7227665977411	45.4978611111111	27.9118055555556	95.2
81	RU001	46	23	6	e	nat	drought	5	6	12		RU001.6.e	12	17	4.8	3.46410161513775	2.83321334405622	1.56861591791385	51.38333333	56.8	81.6
82	RU001	1	38	2	e	nat	drought	2	4	12		RU001.2.e	13	13.7	3.5	3.60555127546399	2.61739583283408	1.25276296849537	51.38333333	56.8	47.95
83	RU001	37	43	7	j	nat	drought	3	7	13		RU001.7.j	9	11	2	3	2.39789527279837	0.693147180559945	51.38333333	56.8	22
84	RU001	19	23	2	c	nat	drought	2	4	12		RU001.2.c	12	10	3.6	3.46410161513775	2.30258509299405	1.28093384546206	51.38333333	56.8	36
85	RU001	50	7	10	b	nat	drought	6	7	13		RU001.10.b	8	11.8	2.1	2.82842712474619	2.46809953147162	0.741937344729377	51.38333333	56.8	24.78
86	RU001	48	19	10	c	nat	drought	7	10	16		RU001.10.c	8	12	3.7	2.82842712474619	2.484906649788	1.30833281965018	51.38333333	56.8	44.4
87	RU002	48	43	1	e	nat	drought	3	4	6		RU002.1.e	14	9	2.6	3.74165738677394	2.19722457733622	0.955511445027436	49.1791667	53.2422611	23.4
88	RU002	46	37	2	b	nat	drought	8	11	16		RU002.2.b	5	11	1.3	2.23606797749979	2.39789527279837	0.262364264467491	49.1791667	53.2422611	14.3
89	RU002	17	36	5	b	nat	drought	3	6	11		RU002.5.b	11	13.4	3.3	3.3166247903554	2.59525470695687	1.19392246847243	49.1791667	53.2422611	44.22
90	RU003	50	40	7	f	nat	drought	4	5	12		RU003.7.f	16	11.8	3	4	2.46809953147162	1.09861228866811	38.1625	54.8	35.4
91	RU003	37	25	7	d	nat	drought	3	7	13		RU003.7.d	15	13	3	3.87298334620742	2.56494935746154	1.09861228866811	38.1625	54.8	39
92	RU003	46	2	4	e	nat	drought	5	9	12		RU003.4.e	8	14.6	2.3	2.82842712474619	2.68102152871429	0.832909122935104	38.1625	54.8	33.58
93	RU003	1	7	1	d	nat	drought	2	5	12		RU003.1.d	11	17.5	5.6	3.3166247903554	2.86220088092947	1.7227665977411	38.1625	54.8	98
94	RU004	1	50	7	f	nat	drought	1	3	8		RU004.7.f	NA	NA	NA	NA	NA	NA	60.16666667	55.01666667	NA
95	RU004	46	29	10	c	nat	drought	3	8	13		RU004.10.c	8	15	3.7	2.82842712474619	2.70805020110221	1.30833281965018	60.16666667	55.01666667	55.5
96	RU004	48	10	5	c	nat	drought	5	6	16		RU004.5.c	NA	NA	NA	NA	NA	NA	60.16666667	55.01666667	NA
97	RU005	17	8	3	b	nat	drought	1	3	6		RU005.3.b	12	12.3	3.2	3.46410161513775	2.50959926237837	1.16315080980568	49.1876667	53.2534694	39.36
98	RU005	48	22	6	h	nat	drought	3	4	12		RU005.6.h	9	13.2	4	3	2.58021682959233	1.38629436111989	49.1876667	53.2534694	52.8
99	RU005	46	21	11	c	nat	drought	4	5	12		RU005.11.c	13	11.8	2.3	3.60555127546399	2.46809953147162	0.832909122935104	49.1876667	53.2534694	27.14
100	RU005	37	40	3	c	nat	drought	4	7	16		RU005.3.c	8	7	1.5	2.82842712474619	1.94591014905531	0.405465108108164	49.1876667	53.2534694	10.5
101	RU008	37	9	16	g	nat	drought	3	6	11		RU008.16.g	13	12.5	3	3.60555127546399	2.52572864430826	1.09861228866811	44.05	43.06000278	37.5
102	RU008	19	28	18	j	nat	drought	2	4	10		RU008.18.j	11	13	2.9	3.3166247903554	2.56494935746154	1.06471073699243	44.05	43.06000278	37.7
103	RU008	1	22	21	a	nat	drought	2	4	12		RU008.21.a	12	19.4	3.9	3.46410161513775	2.96527306606928	1.3609765531356	44.05	43.06000278	75.66
104	RU008	46	36	19	f	nat	drought	3	5	12		RU008.19.f	14	15	3.3	3.74165738677394	2.70805020110221	1.19392246847243	44.05	43.06000278	49.5
105	RU008	50	29	16	h	nat	drought	4	6	12		RU008.16.h	12	13.5	3.9	3.46410161513775	2.60268968544438	1.3609765531356	44.05	43.06000278	52.65
106	RU008	48	27	17	h	nat	drought	5	8	14		RU008.17.h	12	13.8	3.6	3.46410161513775	2.62466859216316	1.28093384546206	44.05	43.06000278	49.68
107	RU008	17	50	19	c	nat	drought	2	4	7		RU008.19.c	12	10.1	2.5	3.46410161513775	2.31253542384721	0.916290731874155	44.05	43.06000278	25.25
108	TR001	46	22	24	g	nat	drought	5	7	13		TR001.24.g	9	17.5	3.7	3	2.86220088092947	1.30833281965018	41.7511111111111	27.2477777777778	64.75
109	TR001	17	43	10	i	nat	drought	1	4	15		TR001.10.i	7	18.6	4.3	2.64575131106459	2.92316158071916	1.45861502269952	41.7511111111111	27.2477777777778	79.98
110	TR001	1	28	19	b	nat	drought	5	7	12		TR001.19.b	8	12.5	2.7	2.82842712474619	2.52572864430826	0.993251773010283	41.7511111111111	27.2477777777778	33.75
111	TR001	19	14	24	b	nat	drought	5	8	16		TR001.24.b	6	15.8	2.7	2.44948974278318	2.76000994003292	0.993251773010283	41.7511111111111	27.2477777777778	42.66
112	TR001	37	29	12	j	nat	drought	1	4	12		TR001.12.j	12	18	4.5	3.46410161513775	2.89037175789616	1.50407739677627	41.7511111111111	27.2477777777778	81
113	TR001	50	44	24	j	nat	drought	5	8	13		TR001.24.j	8	13	2.3	2.82842712474619	2.56494935746154	0.832909122935104	41.7511111111111	27.2477777777778	29.9
114	TR001	48	5	24	f	nat	drought	6	10	14		TR001.24.f	8	14	3.1	2.82842712474619	2.63905732961526	1.1314021114911	41.7511111111111	27.2477777777778	43.4
115	TR003	17	13	15	f	nat	drought	5	8	15		TR003.15.f	9	18.5	2.8	3	2.91777073208428	1.02961941718116	38.7672222222222	37.0038888888889	51.8
116	TR003	19	35	24	a	nat	drought	7	10	20		TR003.24.a	7	7.6	2.6	2.64575131106459	2.02814824729229	0.955511445027436	38.7672222222222	37.0038888888889	19.76
117	TR003	46	24	14	a	nat	drought	11	14	20		TR003.14.a	8	8.3	1.6	2.82842712474619	2.11625551480255	0.470003629245736	38.7672222222222	37.0038888888889	13.28
118	TR003	37	38	15	a	nat	drought	5	8	18		TR003.15.a	7	18.5	4.5	2.64575131106459	2.91777073208428	1.50407739677627	38.7672222222222	37.0038888888889	83.25
119	TR003	50	2	15	b	nat	drought	10	11	21		TR003.15.b	8	11.1	2.1	2.82842712474619	2.40694510831829	0.741937344729377	38.7672222222222	37.0038888888889	23.31
120	TR004	48	14	8	c	nat	drought	3	4	14		TR004.8.c	10	17	5	3.16227766016838	2.83321334405622	1.6094379124341	38.3672222222222	42.7736111111111	85
121	TR004	50	24	14	g	nat	drought	5	7	16		TR004.14.g	10	14.2	3.7	3.16227766016838	2.65324196460721	1.30833281965018	38.3672222222222	42.7736111111111	52.54
122	TR004	1	32	18	i	nat	drought	3	4	16		TR004.18.i	10	13.8	3.3	3.16227766016838	2.62466859216316	1.19392246847243	38.3672222222222	42.7736111111111	45.54
123	TR004	37	19	18	c	nat	drought	4	7	17		TR004.18.c	8	13.5	4	2.82842712474619	2.60268968544438	1.38629436111989	38.3672222222222	42.7736111111111	54
124	TR005	37	33	20	f	nat	drought	3	7	16		TR005.20.f	NA	NA	NA	NA	NA	NA	39.7825	41.0736111111111	NA
125	TR005	1	31	20	b	nat	drought	3	5	13		TR005.20.b	9	14.5	4.5	3	2.67414864942653	1.50407739677627	39.7825	41.0736111111111	65.25
126	TR005	50	27	18	l	nat	drought	3	6	19		TR005.18.l	15	11.7	2.2	3.87298334620742	2.45958884180371	0.78845736036427	39.7825	41.0736111111111	25.74
127	TR005	48	11	18	i	nat	drought	5	8	20		TR005.18.i	8	9.6	1.8	2.82842712474619	2.26176309847379	0.587786664902119	39.7825	41.0736111111111	17.28
128	TR005	17	45	18	n	nat	drought	5	7	16		TR005.18.n	7	7.9	2	2.64575131106459	2.06686275947298	0.693147180559945	39.7825	41.0736111111111	15.8
129	UA001	17	22	11	b	nat	drought	5	6	13		UA001.11.b	10	11.7	3.4	3.16227766016838	2.45958884180371	1.22377543162212	48.1006666666667	37.8161111111111	39.78
130	UA001	46	3	25	d	nat	drought	4	6	12		UA001.25.d	NA	NA	NA	NA	NA	NA	48.1006666666667	37.8161111111111	NA
131	UA001	19	39	18	g	nat	drought	3	5	12		UA001.18.g	11	14	4.6	3.3166247903554	2.63905732961526	1.52605630349505	48.1006666666667	37.8161111111111	64.4
132	UA002	37	28	14	c	nat	drought	4	6	12		UA002.14.c	9	16	4.5	3	2.77258872223978	1.50407739677627	48.1523333333333	37.8405833333333	72
133	UA002	19	26	18	b	nat	drought	3	4	12		UA002.18.b	10	17.4	4.2	3.16227766016838	2.85647020622048	1.43508452528932	48.1523333333333	37.8405833333333	73.08
134	UA002	48	8	15	c	nat	drought	4	6	13		UA002.14.a	13	16.5	4.2	3.60555127546399	2.80336038090653	1.43508452528932	48.1523333333333	37.8405833333333	69.3
135	UA002	1	21	15	i	nat	drought	2	3	12		UA002.15.i	10	15.4	4.7	3.16227766016838	2.73436750941958	1.54756250871601	48.1523333333333	37.8405833333333	72.38
136	UA002	17	15	14	b	nat	drought	1	3	8		UA002.14.b	13	15.7	3.6	3.60555127546399	2.75366071235426	1.28093384546206	48.1523333333333	37.8405833333333	56.52
137	UA003	50	22	7A	g	nat	drought	5	6	13		UA003.7A.g	13	15.7	4.7	3.60555127546399	2.75366071235426	1.54756250871601	50.48075	30.4863055555556	73.79
138	UA003	1	16	6	i	nat	drought	4	6	13		UA003.6.i	10	13.9	4.2	3.16227766016838	2.63188884013665	1.43508452528932	50.48075	30.4863055555556	58.38
139	UA003	17	39	8	f	nat	drought	8	10	13		UA003.8.f	7	12.9	1.6	2.64575131106459	2.55722731136763	0.470003629245736	50.48075	30.4863055555556	20.64
140	UA003	37	44	6	a	nat	drought	3	5	14		UA003.6.a	11	11.5	2	3.3166247903554	2.4423470353692	0.693147180559945	50.48075	30.4863055555556	23
141	UA003	19	16	7A	b	nat	drought	3	5	14		UA003.7A.b	11	15.5	4.2	3.3166247903554	2.7408400239252	1.43508452528932	50.48075	30.4863055555556	65.1
142	UA003	46	44	6	b	nat	drought	1	3	4		UA003.6.b	12	15.6	3.6	3.46410161513775	2.74727091425549	1.28093384546206	50.48075	30.4863055555556	56.16
143	UA003	48	4	7A	j	nat	drought	3	4	12		UA003.7A.j	9	17.7	6.1	3	2.87356463957978	1.80828877117927	50.48075	30.4863055555556	107.97
144	UA004	50	26	5	h	nat	drought	2	6	12		UA004.5.h	13	16.4	2.2	3.60555127546399	2.79728133483015	0.78845736036427	48.6460277777778	30.7750833333333	36.08
145	UA004	19	11	7	c	nat	drought	1	4	12		UA004.7.c	13	13.8	4.6	3.60555127546399	2.62466859216316	1.52605630349505	48.6460277777778	30.7750833333333	63.48
146	UA004	1	9	15	i	nat	drought	4	6	12		UA004.15.i	11	14.3	3.2	3.3166247903554	2.66025953726586	1.16315080980568	48.6460277777778	30.7750833333333	45.76
147	UA004	46	14	18	g	nat	drought	4	7	12		UA004.18.g	11	15	4.2	3.3166247903554	2.70805020110221	1.43508452528932	48.6460277777778	30.7750833333333	63
148	UA004	17	38	27	d	nat	drought	1	3	11		UA004.27.d	18	14.6	3.2	4.24264068711928	2.68102152871429	1.16315080980568	48.6460277777778	30.7750833333333	46.72
149	UA004	48	7	7	b	nat	drought	2	5	11		UA004.7.b	15	17.4	6	3.87298334620742	2.85647020622048	1.79175946922805	48.6460277777778	30.7750833333333	104.4
150	UA004	37	39	27	a	nat	drought	3	4	8		UA004.27.a	13	15.5	3.5	3.60555127546399	2.7408400239252	1.25276296849537	48.6460277777778	30.7750833333333	54.25
151	UA005	50	12	3	a	nat	drought	5	8	11		UA005.3.a	9	15.6	2.7	3	2.74727091425549	0.993251773010283	47.862	38.4606944444444	42.12
152	UA005	46	40	13	a	nat	drought	2	4	9		UA005.13.a	10	17.5	3.2	3.16227766016838	2.86220088092947	1.16315080980568	47.862	38.4606944444444	56
153	UA005	37	46	18	f	nat	drought	3	4	11		UA005.18.f	12	18.5	3	3.46410161513775	2.91777073208428	1.09861228866811	47.862	38.4606944444444	55.5
154	UA005	19	38	7	c	nat	drought	1	4	7		UA005.7.c	9	16	4.5	3	2.77258872223978	1.50407739677627	47.862	38.4606944444444	72
155	UA006	1	29	14	k	nat	drought	4	8	12		UA006.14.k	8	17.3	3.5	2.82842712474619	2.85070650150373	1.25276296849537	45.7083333333333	33.3497222222222	60.55
156	UA006	17	11	24	a	nat	drought	3	6	12		UA006.24.a	9	13.4	2.2	3	2.59525470695687	0.78845736036427	45.7083333333333	33.3497222222222	29.48
157	UA006	50	49	10	e	nat	drought	3	7	14		UA006.10.e	NA	NA	NA	NA	NA	NA	45.7083333333333	33.3497222222222	NA
158	UA008	37	14	13	f	nat	drought	5	9	12		UA008.13.f	7	11	3.5	2.64575131106459	2.39789527279837	1.25276296849537	46.7572222222222	32.7661111111111	38.5
159	UA008	19	4	18	g	nat	drought	6	8	15		UA008.18.g	6	11	2.1	2.44948974278318	2.39789527279837	0.741937344729377	46.7572222222222	32.7661111111111	23.1
160	UA008	46	42	25	d	nat	drought	5	9	12		UA008.25.d	NA	NA	NA	NA	NA	NA	46.7572222222222	32.7661111111111	NA
161	US001	37	12	14	e	inv	drought	2	5	11		US001.14.e	11	13.5	4	3.3166247903554	2.60268968544438	1.38629436111989	45.6152333333333	-120.787533333333	54
162	US001	17	41	22	f	inv	drought	1	3	7		US001.22.f	10	13.7	2.7	3.16227766016838	2.61739583283408	0.993251773010283	45.6152333333333	-120.787533333333	36.99
163	US001	1	33	23	a	inv	drought	1	3	7		US001.23.a	11	16.1	5.2	3.3166247903554	2.77881927199042	1.64865862558738	45.6152333333333	-120.787533333333	83.72
164	US001	50	42	14	b	inv	drought	3	4	12		US001.14.b	11	15.4	3.1	3.3166247903554	2.73436750941958	1.1314021114911	45.6152333333333	-120.787533333333	47.74
165	US001	48	40	14	i	inv	drought	3	6	16		US001.14.i	13	12.5	4.3	3.60555127546399	2.52572864430826	1.45861502269952	45.6152333333333	-120.787533333333	53.75
166	US001	46	50	23	d	inv	drought	1	3	12		US001.23.d	12	14.3	4.1	3.46410161513775	2.66025953726586	1.41098697371026	45.6152333333333	-120.787533333333	58.63
167	US001	19	46	22	i	inv	drought	1	3	6		US001.22.i	12	10.8	2.3	3.46410161513775	2.37954613413017	0.832909122935104	45.6152333333333	-120.787533333333	24.84
168	US002	46	47	5	i	inv	drought	3	5	12		US002.5.i	10	12.2	3.4	3.16227766016838	2.50143595173921	1.22377543162212	46.1822666666667	-118.82615	41.48
169	US002	48	13	22	g	inv	drought	2	3	12		US002.22.g	13	16.8	3.9	3.60555127546399	2.82137888640921	1.3609765531356	46.1822666666667	-118.82615	65.52
170	US002	1	12	22	f	inv	drought	2	4	12		US002.22.f	12	17.8	3.8	3.46410161513775	2.87919845729804	1.33500106673234	46.1822666666667	-118.82615	67.64
171	US002	19	2	17	f	inv	drought	1	3	9		US002.17.f	12	15	2.9	3.46410161513775	2.70805020110221	1.06471073699243	46.1822666666667	-118.82615	43.5
172	US002	37	50	24	a	inv	drought	4	5	11		US002.24.a	13	13	3.5	3.60555127546399	2.56494935746154	1.25276296849537	46.1822666666667	-118.82615	45.5
173	US002	50	16	5	h	inv	drought	2	5	12		US002.5.h	12	14.2	3.2	3.46410161513775	2.65324196460721	1.16315080980568	46.1822666666667	-118.82615	45.44
174	US002	17	29	22	j	inv	drought	1	3	12		US002.22.j	17	14.7	3.4	4.12310562561766	2.68784749378469	1.22377543162212	46.1822666666667	-118.82615	49.98
175	US003	46	48	27	h	inv	drought	1	3	11		US003.27.h	9	14.8	4.2	3	2.69462718077007	1.43508452528932	46.60415	-116.64175	62.16
176	US003	17	25	6	d	inv	drought	5	7	12		US003.6.d	9	14.6	4	3	2.68102152871429	1.38629436111989	46.60415	-116.64175	58.4
177	US003	19	36	6	c	inv	drought	2	4	12		US003.6.c	10	13.9	2.2	3.16227766016838	2.63188884013665	0.78845736036427	46.60415	-116.64175	30.58
178	US003	37	21	27	i	inv	drought	2	4	8		US003.27.i	13	13	3	3.60555127546399	2.56494935746154	1.09861228866811	46.60415	-116.64175	39
179	US003	48	3	27	f	inv	drought	3	6	11		US003.27.f	10	17.2	5.3	3.16227766016838	2.84490938381941	1.66770682055808	46.60415	-116.64175	91.16
180	US003	50	11	27	c	inv	drought	4	7	12		US003.27.c	10	14.5	3.8	3.16227766016838	2.67414864942653	1.33500106673234	46.60415	-116.64175	55.1
181	US003	1	30	20	d	inv	drought	3	5	8		US003.20.d	12	13.4	3.7	3.46410161513775	2.59525470695687	1.30833281965018	46.60415	-116.64175	49.58
182	US011	50	39	13	a	inv	drought	6	8	12	two rosettes (9/8)	US011.13.a	7	11.2	1.8	2.64575131106459	2.41591377830105	0.587786664902119	43.3855277777778	-106.937333333333	20.16
183	US011	48	31	8	e	inv	drought	3	5	10		US011.8.e	9	11.8	3.2	3	2.46809953147162	1.16315080980568	43.3855277777778	-106.937333333333	37.76
184	US011	1	44	8	l	inv	drought	2	3	12		US011.8.l	10	11.7	4.8	3.16227766016838	2.45958884180371	1.56861591791385	43.3855277777778	-106.937333333333	56.16
185	US012	50	25	29	b	inv	drought	3	7	13		US012.29.b	9	15	3.8	3	2.70805020110221	1.33500106673234	40.5281527777778	-104.848788888889	57
186	US012	46	17	31	e	inv	drought	3	7	13		US012.31.e	7	11.6	3	2.64575131106459	2.45100509811232	1.09861228866811	40.5281527777778	-104.848788888889	34.8
187	US012	17	35	28	a	inv	drought	3	6	12		US012.28.a	7	15.7	3.5	2.64575131106459	2.75366071235426	1.25276296849537	40.5281527777778	-104.848788888889	54.95
188	US014	1	27	4	a	inv	drought	5	9	13		US014.4.a	6	14.2	2.1	2.44948974278318	2.65324196460721	0.741937344729377	40.1222666666667	-101.280283333333	29.82
189	US014	48	35	17	d	inv	drought	4	7	16		US014.17.d	7	14.5	2.6	2.64575131106459	2.67414864942653	0.955511445027436	40.1222666666667	-101.280283333333	37.7
190	US014	17	27	17	i	inv	drought	5	9	14		US014.17.i	6	12.3	2.4	2.44948974278318	2.50959926237837	0.8754687373539	40.1222666666667	-101.280283333333	29.52
191	US014	37	20	16	n	inv	drought	3	6	13		US014.16.n	8	12	2.5	2.82842712474619	2.484906649788	0.916290731874155	40.1222666666667	-101.280283333333	30
192	US014	46	34	22	j	inv	drought	4	7	13		US014.22.j	10	16.3	4.5	3.16227766016838	2.79116510781272	1.50407739677627	40.1222666666667	-101.280283333333	73.35
193	US014	19	32	17	e	inv	drought	3	6	11		US014.17.e	7	14.6	3.2	2.64575131106459	2.68102152871429	1.16315080980568	40.1222666666667	-101.280283333333	46.72
194	US015	1	48	15	c	inv	drought	3	5	16		US015.15.c	9	15.1	2.5	3	2.71469474382088	0.916290731874155	42.7253611111111	-118.001033333333	37.75
195	US015	19	5	15	a	inv	drought	1	4	12		US015.15.a	11	14.7	1.9	3.3166247903554	2.68784749378469	0.641853886172395	42.7253611111111	-118.001033333333	27.93
196	US015	37	7	17	l	inv	drought	4	7	13		US015.17.l	5	12.5	4	2.23606797749979	2.52572864430826	1.38629436111989	42.7253611111111	-118.001033333333	50
197	US015	46	20	13	i	inv	drought	2	8	12		US015.13.i	8	13.4	3.6	2.82842712474619	2.59525470695687	1.28093384546206	42.7253611111111	-118.001033333333	48.24
198	US015	17	24	15	h	inv	drought	3	5	12		US015.15.h	11	13.5	3.3	3.3166247903554	2.60268968544438	1.19392246847243	42.7253611111111	-118.001033333333	44.55
199	US015	48	9	13	c	inv	drought	4	7	15		US015.13.c	9	15.7	3.2	3	2.75366071235426	1.16315080980568	42.7253611111111	-118.001033333333	50.24
200	US018	50	3	11	d	inv	drought	4	7	11		US018.11.d	13	13.2	4.1	3.60555127546399	2.58021682959233	1.41098697371026	43.5467722222222	-118.913991666667	54.12
201	US018	46	30	11	b	inv	drought	4	8	14		US018.11.b	6	11.2	3.2	2.44948974278318	2.41591377830105	1.16315080980568	43.5467722222222	-118.913991666667	35.84
202	US018	1	20	5	l	inv	drought	12	14	18		US018.5.l	2	4.2	0.7	1.4142135623731	1.43508452528932	-0.356674943938732	43.5467722222222	-118.913991666667	2.94
203	US020	1	10	27	c	inv	drought	4	8	10		US020.27.c	5	13	1.6	2.23606797749979	2.56494935746154	0.470003629245736	46.9839888888889	-119.580186111111	20.8
204	US020	50	48	24	a	inv	drought	1	4	12		US020.24.a	NA	NA	NA	NA	NA	NA	46.9839888888889	-119.580186111111	NA
205	US020	17	10	12	c	inv	drought	3	4	14		US020.12.c	11	13.1	3	3.3166247903554	2.57261223020711	1.09861228866811	46.9839888888889	-119.580186111111	39.3
206	US021	1	11	8	a	inv	drought	1	5	6		US021.8.a	13	14	4.5	3.60555127546399	2.63905732961526	1.50407739677627	46.617	-110.092138888889	63
207	US021	48	25	8	h	inv	drought	3	6	16		US021.8.h	12	14.6	5	3.46410161513775	2.68102152871429	1.6094379124341	46.617	-110.092138888889	73
208	US021	50	15	1	c	inv	drought	12	18	21		US021.1.c	4	10.2	0.8	2	2.32238772029023	-0.22314355131421	46.617	-110.092138888889	8.16
209	US022	1	49	17	i	inv	drought	1	3	12		US022.17.i	10	12.6	4.2	3.16227766016838	2.53369681395743	1.43508452528932	45.74515	-119.784683333333	52.92
210	US022	37	30	42	j	inv	drought	3	6	13		US022.42.j	9	16.5	3	3	2.80336038090653	1.09861228866811	45.74515	-119.784683333333	49.5
211	US022	48	12	23	c	inv	drought	5	7	13		US022.23.c	10	12	2.3	3.16227766016838	2.484906649788	0.832909122935104	45.74515	-119.784683333333	27.6
212	US022	17	2	41	b	inv	drought	1	3	8		US022.41.b	14	14.3	3.1	3.74165738677394	2.66025953726586	1.1314021114911	45.74515	-119.784683333333	44.33
213	US022	46	39	17	g	inv	drought	3	5	11		US022.17.g	9	15.3	2.4	3	2.72785282839839	0.8754687373539	45.74515	-119.784683333333	36.72
214	US023	1	41	45	e	inv	drought	3	5	12		US023.45.e	NA	NA	NA	NA	NA	NA	39.224275	-103.122291666667	NA
215	US023	48	50	41	a	inv	drought	1	3	6		US023.41.a	NA	NA	NA	NA	NA	NA	39.224275	-103.122291666667	NA
216	US023	19	3	34	c	inv	drought	1	3	10		US023.34.c	9	13.2	3.9	3	2.58021682959233	1.3609765531356	39.224275	-103.122291666667	51.48
217	US026	1	15	23	k	inv	drought	7	11	16		US026.23.k	4	8.4	1.4	2	2.12823170584927	0.336472236621213	40.3719055555556	-104.472561111111	11.76
218	US026	17	31	24	h	inv	drought	7	10	16		US026.24.h	3	9.1	1.7	1.73205080756888	2.2082744135228	0.53062825106217	40.3719055555556	-104.472561111111	15.47
219	US026	19	21	24	b	inv	drought	5	8	15		US026.24.b	5	11.5	1.3	2.23606797749979	2.4423470353692	0.262364264467491	40.3719055555556	-104.472561111111	14.95
