PopID	Pos	Mom	Indiv	Origin	Rack	Trt	ID	FRack	MsrDayH	LfCountH	LfLgthH	LfWdthH	BoltedatH	HarvestDay	CrownDiam.mm	ShootMass.g	RootMass.g	Yellow	Death	FloatDate	Note	BoltDate	BoltMsrDate2	BCount2	MaxBoltHt2	BoltMsrDate3	BCount3	MaxBoltHt3	FlrDate	FlrColor	LfCount1	LfLgth1	LfWdth1	LfCount1.sq	LfLgth1.log	LfWdth1.log	LfCountH.sq	LfLgthH.log	LfWdthH.log	CrownH.log	ShootH.log	RootH.log	Latitude	Longitude
1	BG001	35	29	c	nat	45	flood	BG001.29.c	F1	71	0	NA	NA	y	91	NA	NA	NA	6	NA	NA	F1-35	29	39	1	19.8	69	1	20	NA		10	15.1	3.1	3.16227766016838	2.71469474382088	1.1314021114911	0	NA	NA	NA	NA	NA	43.3819444444444	28.4575
2	BG001	26	16	e	nat	23	flood	BG001.16.e	NA	NA	NA	NA	NA	NA	NA	NA	NA	NA	6	21	19	FLOAT-19	NA	NA	NA	NA	NA	NA	NA	NA		14	11.5	3.1	3.74165738677394	2.4423470353692	1.1314021114911	NA	NA	NA	NA	NA	NA	43.3819444444444	28.4575
3	BG001	28	16	g	nat	35	flood	BG001.16.g	NA	NA	NA	NA	NA	NA	NA	NA	NA	NA	7	12	NA	ALB	NA	NA	NA	NA	NA	NA	NA	NA		11	17	4.5	3.3166247903554	2.83321334405622	1.50407739677627	NA	NA	NA	NA	NA	NA	43.3819444444444	28.4575
4	BG001	33	29	a	nat	43	flood	BG001.29.a	F2	71	0	NA	NA	y	91	10	1.917	0.381	5	NA	NA	F2-33	20	39	1	16.1	69	1	20.5	NA		12	12.9	3.1	3.46410161513775	2.55722731136763	1.1314021114911	0	NA	NA	2.30258509299405	0.650761464063507	-0.964955903855436	43.3819444444444	28.4575
5	BG001	26	16	d	nat	14	flood	BG001.16.d	NA	NA	NA	NA	NA	NA	NA	NA	NA	NA	6	18	NA	ALB	NA	NA	NA	NA	NA	NA	NA	NA		10	15.7	4	3.16227766016838	2.75366071235426	1.38629436111989	NA	NA	NA	NA	NA	NA	43.3819444444444	28.4575
6	BG001	16	29	h	nat	3	flood	BG001.29.h	NA	NA	NA	NA	NA	NA	NA	NA	NA	NA	6	24	NA		NA	NA	NA	NA	NA	NA	NA	NA		13	14.4	4.4	3.60555127546399	2.66722820658195	1.48160454092422	NA	NA	NA	NA	NA	NA	43.3819444444444	28.4575
7	BG001	38	17	i	nat	39	flood	BG001.17.i	NA	NA	NA	NA	NA	NA	NA	NA	NA	NA	6	24	19	FLOAT-19	NA	NA	NA	NA	NA	NA	NA	NA		10	14	3	3.16227766016838	2.63905732961526	1.09861228866811	NA	NA	NA	NA	NA	NA	43.3819444444444	28.4575
8	CA001	29	3	h	inv	35	flood	CA001.3.h	F1	71	11	15.3	3.4	n	91	8.82	1.355	0.8	5	NA	25	F1-29	NA	NA	NA	NA	NA	NA	NA	NA		10	19	5.6	3.16227766016838	2.94443897916644	1.7227665977411	3.3166247903554	2.72785282839839	1.22377543162212	2.1770218700187	0.303801454331664	-0.22314355131421	49.0149388888889	-122.882097222222
9	CA001	27	4	i	inv	43	flood	CA001.4.i	NA	NA	NA	NA	NA	NA	NA	NA	NA	NA	8	21	19	FLOAT-19	NA	NA	NA	NA	NA	NA	NA	NA		10	13.1	3.1	3.16227766016838	2.57261223020711	1.1314021114911	NA	NA	NA	NA	NA	NA	49.0149388888889	-122.882097222222
10	CA001	6	7	c	inv	14	flood	CA001.7.c	NA	NA	NA	NA	NA	NA	NA	NA	NA	NA	5	16	NA	ALB	NA	NA	NA	NA	NA	NA	NA	NA		12	14.5	4.5	3.46410161513775	2.67414864942653	1.50407739677627	NA	NA	NA	NA	NA	NA	49.0149388888889	-122.882097222222
11	CA001	4	2	d	inv	3	flood	CA001.2.d	NA	NA	NA	NA	NA	NA	NA	NA	NA	NA	7	36	16	F1-4	NA	NA	NA	NA	NA	NA	NA	NA		11	14.1	3.7	3.3166247903554	2.64617479738412	1.30833281965018	NA	NA	NA	NA	NA	NA	49.0149388888889	-122.882097222222
12	CA001	50	7	a	inv	45	flood	CA001.7.a	F1	71	57	16.6	3.9	n	91	13.91	2.575	1.419	6	NA	NA	F1-50	NA	NA	NA	NA	NA	NA	NA	NA		14	12.7	3.3	3.74165738677394	2.54160199346455	1.19392246847243	7.54983443527075	2.8094026953625	1.3609765531356	2.63260800593535	0.945849534115699	0.349952398177906	49.0149388888889	-122.882097222222
13	CA001	21	6	b	inv	39	flood	CA001.6.b	NA	NA	NA	NA	NA	NA	NA	NA	NA	NA	5	29	25	FLOAT-25	NA	NA	NA	NA	NA	NA	NA	NA		8	17	4.5	2.82842712474619	2.83321334405622	1.50407739677627	NA	NA	NA	NA	NA	NA	49.0149388888889	-122.882097222222
14	CA001	45	4	b	inv	23	flood	CA001.4.b	NA	NA	NA	NA	NA	NA	NA	NA	NA	NA	6	36	19	F1-45	NA	NA	NA	NA	NA	NA	NA	NA		9	12	3.5	3	2.484906649788	1.25276296849537	NA	NA	NA	NA	NA	NA	49.0149388888889	-122.882097222222
15	CA008	1	6	i	inv	35	flood	CA008.6.i	NA	NA	NA	NA	NA	NA	NA	NA	NA	NA	8	12	NA		NA	NA	NA	NA	NA	NA	NA	NA		8	10	1.5	2.82842712474619	2.30258509299405	0.405465108108164	NA	NA	NA	NA	NA	NA	49.0120833333333	-118.645711111111
16	CA008	41	4	m	inv	39	flood	CA008.4.m	NA	NA	NA	NA	NA	NA	NA	NA	NA	NA	5	12	NA	ALB	NA	NA	NA	NA	NA	NA	NA	NA		10	16	3.5	3.16227766016838	2.77258872223978	1.25276296849537	NA	NA	NA	NA	NA	NA	49.0120833333333	-118.645711111111
17	CA008	6	6	d	inv	23	flood	CA008.6.d	NA	NA	NA	NA	NA	NA	NA	NA	NA	NA	7	19	NA		NA	NA	NA	NA	NA	NA	NA	NA		8	13	4	2.82842712474619	2.56494935746154	1.38629436111989	NA	NA	NA	NA	NA	NA	49.0120833333333	-118.645711111111
18	CA008	20	5	h	inv	3	flood	CA008.5.h	NA	NA	NA	NA	NA	NA	NA	NA	NA	NA	6	11	NA		NA	NA	NA	NA	NA	NA	NA	NA		8	10.6	3.4	2.82842712474619	2.36085400111802	1.22377543162212	NA	NA	NA	NA	NA	NA	49.0120833333333	-118.645711111111
19	CA008	21	6	b	inv	14	flood	CA008.6.b	NA	NA	NA	NA	NA	NA	NA	NA	NA	NA	5	21	20	FLOAT-20	NA	NA	NA	NA	NA	NA	NA	NA		12	15.8	3.7	3.46410161513775	2.76000994003292	1.30833281965018	NA	NA	NA	NA	NA	NA	49.0120833333333	-118.645711111111
20	GR001	32	26	l	nat	39	flood	GR001.26.l	NA	NA	NA	NA	NA	NA	NA	NA	NA	NA	8	14	12	FLOAT-12	NA	NA	NA	NA	NA	NA	NA	NA		9	13.5	1	3	2.60268968544438	0	NA	NA	NA	NA	NA	NA	40.1566666666667	22.5480555555556
21	GR001	43	28	d	nat	45	flood	GR001.28.d	NA	NA	NA	NA	NA	NA	NA	NA	NA	NA	8	12	NA	ALB	NA	NA	NA	NA	NA	NA	NA	NA		8	14.5	2.6	2.82842712474619	2.67414864942653	0.955511445027436	NA	NA	NA	NA	NA	NA	40.1566666666667	22.5480555555556
22	GR001	35	26	f	nat	14	flood	GR001.26.f	NA	NA	NA	NA	NA	NA	NA	NA	NA	NA	8	14	12	FF-12	NA	NA	NA	NA	NA	NA	NA	NA		7	14.4	1.4	2.64575131106459	2.66722820658195	0.336472236621213	NA	NA	NA	NA	NA	NA	40.1566666666667	22.5480555555556
23	GR001	15	14	d	nat	23	flood	GR001.14.d	NA	NA	NA	NA	NA	NA	NA	NA	NA	NA	7	17	NA	ALB	NA	NA	NA	NA	NA	NA	NA	NA		10	14.5	4.4	3.16227766016838	2.67414864942653	1.48160454092422	NA	NA	NA	NA	NA	NA	40.1566666666667	22.5480555555556
24	GR001	46	6	g	nat	35	flood	GR001.6.g	NA	NA	NA	NA	NA	NA	NA	NA	NA	NA	7	12	NA	ALB	NA	NA	NA	NA	NA	NA	NA	NA		4	12.5	2.5	2	2.52572864430826	0.916290731874155	NA	NA	NA	NA	NA	NA	40.1566666666667	22.5480555555556
25	GR001	10	28	c	nat	43	flood	GR001.28.c	F2	71	4	13.4	3	y	74	5.47	1.273	0.315	7	NA	NA	F2-10	50	NA	NA	NA	69	1	26	NA		7	12.3	2.5	2.64575131106459	2.50959926237837	0.916290731874155	2	2.59525470695687	1.09861228866811	1.69927861643389	0.241376319575269	-1.1551826401565	40.1566666666667	22.5480555555556
26	GR001	48	14	b	nat	3	flood	GR001.14.b	NA	NA	NA	NA	NA	NA	NA	NA	NA	NA	7	24	NA		NA	NA	NA	NA	NA	NA	NA	NA		9	11.3	2.6	3	2.42480272571829	0.955511445027436	NA	NA	NA	NA	NA	NA	40.1566666666667	22.5480555555556
27	GR002	25	2	b	nat	39	flood	GR002.2.b	NA	NA	NA	NA	NA	NA	NA	NA	NA	NA	6	19	14	FLOAT-14	NA	NA	NA	NA	NA	NA	NA	NA		12	14.5	1.5	3.46410161513775	2.67414864942653	0.405465108108164	NA	NA	NA	NA	NA	NA	40.6213888888889	23.0786111111111
28	GR002	9	13	e	nat	45	flood	GR002.13.e	NA	NA	NA	NA	NA	NA	NA	NA	NA	NA	9	19	13	FLOAT-13	NA	NA	NA	NA	NA	NA	NA	NA		8	14.7	2.7	2.82842712474619	2.68784749378469	0.993251773010283	NA	NA	NA	NA	NA	NA	40.6213888888889	23.0786111111111
29	GR002	3	25	b	nat	14	flood	GR002.25.b	NA	NA	NA	NA	NA	NA	NA	NA	NA	NA	6	15	NA	ALB	NA	NA	NA	NA	NA	NA	NA	NA		10	15.8	3	3.16227766016838	2.76000994003292	1.09861228866811	NA	NA	NA	NA	NA	NA	40.6213888888889	23.0786111111111
30	GR002	32	17	b	nat	35	flood	GR002.17.b	NA	NA	NA	NA	NA	NA	NA	NA	NA	NA	6	18	NA	ALB	NA	NA	NA	NA	NA	NA	NA	NA		10	16	3.5	3.16227766016838	2.77258872223978	1.25276296849537	NA	NA	NA	NA	NA	NA	40.6213888888889	23.0786111111111
31	GR002	5	25	j	nat	43	flood	GR002.25.j	NA	NA	NA	NA	NA	NA	NA	NA	NA	NA	6	18	NA	ALB	NA	NA	NA	NA	NA	NA	NA	NA		11	17.5	3.1	3.3166247903554	2.86220088092947	1.1314021114911	NA	NA	NA	NA	NA	NA	40.6213888888889	23.0786111111111
32	GR002	49	25	h	nat	3	flood	GR002.25.h	NA	NA	NA	NA	NA	NA	NA	NA	NA	NA	5	12	12	Floating Free	NA	NA	NA	NA	NA	NA	NA	NA		8	9.4	1.3	2.82842712474619	2.24070968927596	0.262364264467491	NA	NA	NA	NA	NA	NA	40.6213888888889	23.0786111111111
33	GR002	44	13	g	nat	23	flood	GR002.13.g	NA	NA	NA	NA	NA	NA	NA	NA	NA	NA	6	17	NA	ALB	NA	NA	NA	NA	NA	NA	NA	NA		9	10.4	2.2	3	2.34180580614733	0.78845736036427	NA	NA	NA	NA	NA	NA	40.6213888888889	23.0786111111111
34	GR003	45	3	b	nat	39	flood	GR003.3.b	NA	NA	NA	NA	NA	NA	NA	NA	NA	NA	6	18	NA	ALB	NA	NA	NA	NA	NA	NA	NA	NA		9	13.5	2.5	3	2.60268968544438	0.916290731874155	NA	NA	NA	NA	NA	NA	40.8508333333333	25.7930555555556
35	GR003	4	12	e	nat	43	flood	GR003.12.e	F2	71	5	14.2	2.6	y	91	7.28	4.572	0.91	7	NA	NA	F2-26	50	NA	NA	NA	69	1	39	NA	NA	6	13.8	2	2.44948974278318	2.62466859216316	0.693147180559945	2.23606797749979	2.65324196460721	0.955511445027436	1.98513086220859	1.51995074593256	-0.0943106794712413	40.8508333333333	25.7930555555556
36	GR003	50	3	m	nat	3	flood	GR003.3.m	NA	NA	NA	NA	NA	NA	NA	NA	NA	NA	6	24	NA		NA	NA	NA	NA	NA	NA	NA	NA		11	16.4	3.7	3.3166247903554	2.79728133483015	1.30833281965018	NA	NA	NA	NA	NA	NA	40.8508333333333	25.7930555555556
37	GR003	18	12	h	nat	45	flood	GR003.12.h	F1	71	4	16.1	4.4	y	91	7.92	3.553	0.368	7	NA	NA	F1-18	50	NA	NA	NA	69	1	33.5	NA		7	14.6	1.8	2.64575131106459	2.68102152871429	0.587786664902119	2	2.77881927199042	1.48160454092422	2.06939120582633	1.26779231703889	-0.999672340813206	40.8508333333333	25.7930555555556
38	GR003	44	17	j	nat	35	flood	GR003.17.j	F1	71	0	NA	NA	y	91	8.36	2.568	0.441	6	NA	39	F1-44	11	39	1	24.1	69	1	27	63	white	15	4	10	3.87298334620742	1.38629436111989	2.30258509299405	0	NA	NA	2.12345842709661	0.943127385827715	-0.818710403535291	40.8508333333333	25.7930555555556
39	GR003	24	17	f	nat	14	flood	GR003.17.f	NA	NA	NA	NA	NA	NA	NA	NA	NA	NA	7	17	12	FF-12	NA	NA	NA	NA	NA	NA	NA	NA		8	16.8	2.6	2.82842712474619	2.82137888640921	0.955511445027436	NA	NA	NA	NA	NA	NA	40.8508333333333	25.7930555555556
40	GR003	11	3	h	nat	23	flood	GR003.3.h	NA	NA	NA	NA	NA	NA	NA	NA	NA	NA	7	14	13	FLOAT-13	NA	NA	NA	NA	NA	NA	NA	NA		13	13.4	2.9	3.60555127546399	2.59525470695687	1.06471073699243	NA	NA	NA	NA	NA	NA	40.8508333333333	25.7930555555556
41	HU001	3	13	f	nat	35	flood	HU001.13.f	NA	NA	NA	NA	NA	NA	NA	NA	NA	NA	10	25	15	FLOAT-15	NA	NA	NA	NA	NA	NA	NA	NA		9	17	4	3	2.83321334405622	1.38629436111989	NA	NA	NA	NA	NA	NA	47.6419444444444	18.7825
42	HU001	10	13	a	nat	14	flood	HU001.13.a	NA	NA	NA	NA	NA	NA	NA	NA	NA	NA	9	21	14	FLOAT-14	NA	NA	NA	NA	NA	NA	NA	NA		7	9.9	1.5	2.64575131106459	2.29253475714054	0.405465108108164	NA	NA	NA	NA	NA	NA	47.6419444444444	18.7825
43	HU001	22	14	j	nat	39	flood	HU001.14.j	NA	NA	NA	NA	NA	NA	NA	NA	NA	NA	5	19	13	FLOAT-13	NA	NA	NA	NA	NA	NA	NA	NA		9	13	4	3	2.56494935746154	1.38629436111989	NA	NA	NA	NA	NA	NA	47.6419444444444	18.7825
44	HU001	46	28	d	nat	45	flood	HU001.28.d	F2	71	0	NA	NA	y	91	7.64	1.136	0.28	6	NA	NA	F2-46	69	NA	NA	NA	69	1	22.5	NA		11	16	3.8	3.3166247903554	2.77258872223978	1.33500106673234	0	NA	NA	2.03339760317843	0.12751332029896	-1.27296567581289	47.6419444444444	18.7825
45	HU001	41	24	l	nat	43	flood	HU001.24.l	F2	71	9	18.6	6.2	y	74	9.9	2.04	0.754	6	NA	21	F2-41	39	39	1	8.7	69	1	38	NA		NA	NA	NA	NA	NA	NA	3	2.92316158071916	1.82454929205105	2.29253475714054	0.712949807856125	-0.282362910974181	47.6419444444444	18.7825
46	HU001	46	13	j	nat	3	flood	HU001.13.j	F1	71	15	17.5	5.5	n	91	7.56	1.295	0.946	8	NA	17	F1-46	NA	NA	NA	NA	NA	NA	NA	NA		7	12.4	1.6	2.64575131106459	2.51769647261099	0.470003629245736	3.87298334620742	2.86220088092947	1.70474809223843	2.02287119019144	0.258510695151501	-0.0555127099302588	47.6419444444444	18.7825
47	HU001	40	13	h	nat	23	flood	HU001.13.h	F1	71	12	20.6	8.3	y	91	6.25	4.103	1.247	7	NA	19	F1-40	69	NA	NA	NA	69	1	35	NA		6	14.2	1.7	2.44948974278318	2.65324196460721	0.53062825106217	3.46410161513775	3.02529107579554	2.11625551480255	1.83258146374831	1.41171841346005	0.220740666697899	47.6419444444444	18.7825
48	RO001	37	28	h	nat	23	flood	RO001.28.h	NA	NA	NA	NA	NA	NA	NA	NA	NA	NA	6	13	NA	ALB	NA	NA	NA	NA	NA	NA	NA	NA		NA	NA	NA	NA	NA	NA	NA	NA	NA	NA	NA	NA	44.1102777777778	28.6369444444444
49	RO001	44	12	h	nat	45	flood	RO001.12.h	NA	NA	NA	NA	NA	NA	NA	NA	NA	NA	5	19	18	FLOAT-18	NA	NA	NA	NA	NA	NA	NA	NA		11	18.5	3.5	3.3166247903554	2.91777073208428	1.25276296849537	NA	NA	NA	NA	NA	NA	44.1102777777778	28.6369444444444
50	RO001	34	12	j	nat	39	flood	RO001.12.j	NA	NA	NA	NA	NA	NA	NA	NA	NA	NA	6	19	17	FLOAT-17	NA	NA	NA	NA	NA	NA	NA	NA		6	18	3	2.44948974278318	2.89037175789616	1.09861228866811	NA	NA	NA	NA	NA	NA	44.1102777777778	28.6369444444444
51	RO001	15	12	f	nat	35	flood	RO001.12.f	NA	NA	NA	NA	NA	NA	NA	NA	NA	NA	8	16	15	FLOAT-15	NA	NA	NA	NA	NA	NA	NA	NA		8	12	2.5	2.82842712474619	2.484906649788	0.916290731874155	NA	NA	NA	NA	NA	NA	44.1102777777778	28.6369444444444
52	RO001	6	13	j	nat	43	flood	RO001.13.j	NA	NA	NA	NA	NA	NA	NA	NA	NA	NA	6	19	15	FLOAT-15	NA	NA	NA	NA	NA	NA	NA	NA		11	16.2	2.9	3.3166247903554	2.78501124223834	1.06471073699243	NA	NA	NA	NA	NA	NA	44.1102777777778	28.6369444444444
53	RO001	47	13	f	nat	14	flood	RO001.13.f	NA	NA	NA	NA	NA	NA	NA	NA	NA	NA	5	16	NA		NA	NA	NA	NA	NA	NA	NA	NA		10	13.6	3.1	3.16227766016838	2.61006979274201	1.1314021114911	NA	NA	NA	NA	NA	NA	44.1102777777778	28.6369444444444
54	RO002	44	13	f	nat	3	flood	RO002.13.f	NA	NA	NA	NA	NA	NA	NA	NA	NA	NA	6	19	NA		NA	NA	NA	NA	NA	NA	NA	NA		7	11.1	3.2	2.64575131106459	2.40694510831829	1.16315080980568	NA	NA	NA	NA	NA	NA	43.9024333333333	28.5739166666667
55	RO002	48	22	e	nat	23	flood	RO002.22.e	NA	NA	NA	NA	NA	NA	NA	NA	NA	NA	7	29	NA		NA	NA	NA	NA	NA	NA	NA	NA		9	10.3	2.3	3	2.33214389523559	0.832909122935104	NA	NA	NA	NA	NA	NA	43.9024333333333	28.5739166666667
56	RO002	1	22	i	nat	14	flood	RO002.22.i	NA	NA	NA	NA	NA	NA	NA	NA	NA	NA	5	29	NA		NA	NA	NA	NA	NA	NA	NA	NA		12	13	4.5	3.46410161513775	2.56494935746154	1.50407739677627	NA	NA	NA	NA	NA	NA	43.9024333333333	28.5739166666667
57	RO002	21	18	i	nat	43	flood	RO002.18.i	NA	NA	NA	NA	NA	NA	NA	NA	NA	NA	8	21	20	FLOAT-20	NA	NA	NA	NA	NA	NA	NA	NA		8	11.1	1.7	2.82842712474619	2.40694510831829	0.53062825106217	NA	NA	NA	NA	NA	NA	43.9024333333333	28.5739166666667
58	RO002	36	12	i	nat	39	flood	RO002.12.i	NA	NA	NA	NA	NA	NA	NA	NA	NA	NA	6	14	13	FLOAT-13	NA	NA	NA	NA	NA	NA	NA	NA		8	16	3.5	2.82842712474619	2.77258872223978	1.25276296849537	NA	NA	NA	NA	NA	NA	43.9024333333333	28.5739166666667
59	RO002	17	22	c	nat	35	flood	RO002.22.c	NA	NA	NA	NA	NA	NA	NA	NA	NA	NA	6	21	20	FLOAT-20	NA	NA	NA	NA	NA	NA	NA	NA		10	14.5	3.5	3.16227766016838	2.67414864942653	1.25276296849537	NA	NA	NA	NA	NA	NA	43.9024333333333	28.5739166666667
60	RO002	5	15	k	nat	45	flood	RO002.15.k	NA	NA	NA	NA	NA	NA	NA	NA	NA	NA	6	12	NA	ALB	NA	NA	NA	NA	NA	NA	NA	NA		10	14.4	3.1	3.16227766016838	2.66722820658195	1.1314021114911	NA	NA	NA	NA	NA	NA	43.9024333333333	28.5739166666667
61	RO003	20	9	a	nat	35	flood	RO003.9.a	NA	NA	NA	NA	NA	NA	NA	NA	NA	NA	8	15	14	FLOAT-14	NA	NA	NA	NA	NA	NA	NA	NA		9	16.5	4	3	2.80336038090653	1.38629436111989	NA	NA	NA	NA	NA	NA	44.3896666666667	28.5266388888889
62	RO003	32	11	j	nat	43	flood	RO003.11.j	NA	NA	NA	NA	NA	NA	NA	NA	NA	NA	6	19	16	FLOAT-16	NA	NA	NA	NA	NA	NA	NA	NA		10	17.6	2.8	3.16227766016838	2.86789890204411	1.02961941718116	NA	NA	NA	NA	NA	NA	44.3896666666667	28.5266388888889
63	RO003	32	21	a	nat	45	flood	RO003.21.a	NA	NA	NA	NA	NA	NA	NA	NA	NA	NA	7	14	13	FLOAT-13	NA	NA	NA	NA	NA	NA	NA	NA		11	16.8	2.5	3.3166247903554	2.82137888640921	0.916290731874155	NA	NA	NA	NA	NA	NA	44.3896666666667	28.5266388888889
64	RO003	24	9	c	nat	3	flood	RO003.9.c	NA	NA	NA	NA	NA	NA	NA	NA	NA	NA	6	14	NA	ALB	NA	NA	NA	NA	NA	NA	NA	NA		9	14.1	4.3	3	2.64617479738412	1.45861502269952	NA	NA	NA	NA	NA	NA	44.3896666666667	28.5266388888889
65	RO003	46	4	j	nat	39	flood	RO003.4.j	NA	NA	NA	NA	NA	NA	NA	NA	NA	NA	5	29	NA		NA	NA	NA	NA	NA	NA	NA	NA		12	11	2.5	3.46410161513775	2.39789527279837	0.916290731874155	NA	NA	NA	NA	NA	NA	44.3896666666667	28.5266388888889
66	RO003	8	15	i	nat	14	flood	RO003.15.i	NA	NA	NA	NA	NA	NA	NA	NA	NA	NA	6	18	NA	ALB	NA	NA	NA	NA	NA	NA	NA	NA		13	12	3	3.60555127546399	2.484906649788	1.09861228866811	NA	NA	NA	NA	NA	NA	44.3896666666667	28.5266388888889
67	RO003	8	15	a	nat	23	flood	RO003.15.a	NA	NA	NA	NA	NA	NA	NA	NA	NA	NA	6	17	16	FLOAT-16	NA	NA	NA	NA	NA	NA	NA	NA		10	12.8	2.7	3.16227766016838	2.54944517092557	0.993251773010283	NA	NA	NA	NA	NA	NA	44.3896666666667	28.5266388888889
68	RO004	12	21	g	nat	35	flood	RO004.21.g	NA	NA	NA	NA	NA	NA	NA	NA	NA	NA	6	16	NA	ALB	NA	NA	NA	NA	NA	NA	NA	NA		10	11	2.5	3.16227766016838	2.39789527279837	0.916290731874155	NA	NA	NA	NA	NA	NA	45.5761833333333	29.51805
69	RO004	45	21	f	nat	3	flood	RO004.21.f	NA	NA	NA	NA	NA	NA	NA	NA	NA	NA	6	12	NA	ALB	NA	NA	NA	NA	NA	NA	NA	NA		12	10.2	2	3.46410161513775	2.32238772029023	0.693147180559945	NA	NA	NA	NA	NA	NA	45.5761833333333	29.51805
70	RO004	3	20	c	nat	43	flood	RO004.20.c	F2	71	4	17	4.9	y	91	6.91	2.246	0.58	5	25	24	F2-3	69	NA	NA	NA	69	1	33.5	NA		11	20.5	3.5	3.3166247903554	3.02042488614436	1.25276296849537	2	2.83321334405622	1.58923520511658	1.93296963777958	0.809150856316251	-0.544727175441672	45.5761833333333	29.51805
71	RO004	4	3	d	nat	23	flood	RO004.3.d	NA	NA	NA	NA	NA	NA	NA	NA	NA	NA	7	21	NA		NA	NA	NA	NA	NA	NA	NA	NA		13	14	2.6	3.60555127546399	2.63905732961526	0.955511445027436	NA	NA	NA	NA	NA	NA	45.5761833333333	29.51805
72	RO004	2	12	b	nat	45	flood	RO004.12.b	NA	NA	NA	NA	NA	NA	NA	NA	NA	NA	6	17	NA	ALB	NA	NA	NA	NA	NA	NA	NA	NA		11	16	2.6	3.3166247903554	2.77258872223978	0.955511445027436	NA	NA	NA	NA	NA	NA	45.5761833333333	29.51805
73	RO004	9	12	h	nat	14	flood	RO004.12.h	NA	NA	NA	NA	NA	NA	NA	NA	NA	NA	7	11	NA		NA	NA	NA	NA	NA	NA	NA	NA		11	9.5	2	3.3166247903554	2.2512917986065	0.693147180559945	NA	NA	NA	NA	NA	NA	45.5761833333333	29.51805
74	RO004	10	12	c	nat	39	flood	RO004.12.c	NA	NA	NA	NA	NA	NA	NA	NA	NA	NA	6	19	NA		NA	NA	NA	NA	NA	NA	NA	NA		14	13	3	3.74165738677394	2.56494935746154	1.09861228866811	NA	NA	NA	NA	NA	NA	45.5761833333333	29.51805
75	RO005	2	15	d	nat	23	flood	RO005.15.d	NA	NA	NA	NA	NA	NA	NA	NA	NA	NA	7	25	19	FLOAT-19	NA	NA	NA	NA	NA	NA	NA	NA		10	14.6	2.7	3.16227766016838	2.68102152871429	0.993251773010283	NA	NA	NA	NA	NA	NA	45.4978611111111	27.9118055555556
76	RO005	48	14	b	nat	39	flood	RO005.14.b	NA	NA	NA	NA	NA	NA	NA	NA	NA	NA	5	17	16	FLOAT-16	NA	NA	NA	NA	NA	NA	NA	NA		10	14	3	3.16227766016838	2.63905732961526	1.09861228866811	NA	NA	NA	NA	NA	NA	45.4978611111111	27.9118055555556
77	RO005	31	17	f	nat	43	flood	RO005.17.f	NA	NA	NA	NA	NA	NA	NA	NA	NA	NA	6	15	13	FLOAT-13	NA	NA	NA	NA	NA	NA	NA	NA		9	9.4	2.2	3	2.24070968927596	0.78845736036427	NA	NA	NA	NA	NA	NA	45.4978611111111	27.9118055555556
78	RO005	50	17	b	nat	14	flood	RO005.17.b	NA	NA	NA	NA	NA	NA	NA	NA	NA	NA	6	12	NA	All leaves breaking	NA	NA	NA	NA	NA	NA	NA	NA		NA	NA	NA	NA	NA	NA	NA	NA	NA	NA	NA	NA	45.4978611111111	27.9118055555556
79	RO005	4	25	g	nat	45	flood	RO005.25.g	NA	NA	NA	NA	NA	NA	NA	NA	NA	NA	6	12	NA	ALB	NA	NA	NA	NA	NA	NA	NA	NA		8	16.2	2.9	2.82842712474619	2.78501124223834	1.06471073699243	NA	NA	NA	NA	NA	NA	45.4978611111111	27.9118055555556
80	RO005	31	17	g	nat	3	flood	RO005.17.g	NA	NA	NA	NA	NA	NA	NA	NA	NA	NA	8	15	NA	ALB	NA	NA	NA	NA	NA	NA	NA	NA		8	9.3	2.3	2.82842712474619	2.23001440015921	0.832909122935104	NA	NA	NA	NA	NA	NA	45.4978611111111	27.9118055555556
81	RO005	34	15	g	nat	35	flood	RO005.15.g	NA	NA	NA	NA	NA	NA	NA	NA	NA	NA	7	13	NA	ALB	NA	NA	NA	NA	NA	NA	NA	NA		9	16.5	4.5	3	2.80336038090653	1.50407739677627	NA	NA	NA	NA	NA	NA	45.4978611111111	27.9118055555556
82	RU001	8	2	d	nat	45	flood	RU001.2.d	NA	NA	NA	NA	NA	NA	NA	NA	NA	NA	6	19	12	FLOAT-12	NA	NA	NA	NA	NA	NA	NA	NA		13	13.2	3.7	3.60555127546399	2.58021682959233	1.30833281965018	NA	NA	NA	NA	NA	NA	51.38333333	56.8
83	RU001	26	6	c	nat	39	flood	RU001.6.c	NA	NA	NA	NA	NA	NA	NA	NA	NA	NA	6	19	NA		NA	NA	NA	NA	NA	NA	NA	NA		11	11	3.5	3.3166247903554	2.39789527279837	1.25276296849537	NA	NA	NA	NA	NA	NA	51.38333333	56.8
84	RU001	19	2	b	nat	43	flood	RU001.2.b	NA	NA	NA	NA	NA	NA	NA	NA	NA	NA	5	18	NA	ALB	NA	NA	NA	NA	NA	NA	NA	NA		14	15.8	3.7	3.74165738677394	2.76000994003292	1.30833281965018	NA	NA	NA	NA	NA	NA	51.38333333	56.8
85	RU001	34	6	a	nat	23	flood	RU001.6.a	NA	NA	NA	NA	NA	NA	NA	NA	NA	NA	5	18	NA	ALB	NA	NA	NA	NA	NA	NA	NA	NA		12	17.7	5.1	3.46410161513775	2.87356463957978	1.62924053973028	NA	NA	NA	NA	NA	NA	51.38333333	56.8
86	RU001	15	9	e	nat	14	flood	RU001.9.e	NA	NA	NA	NA	NA	NA	NA	NA	NA	NA	8	13	NA	ALB	NA	NA	NA	NA	NA	NA	NA	NA		8	14.2	2.6	2.82842712474619	2.65324196460721	0.955511445027436	NA	NA	NA	NA	NA	NA	51.38333333	56.8
87	RU001	23	9	f	nat	35	flood	RU001.9.f	F1	71	11	10.2	2.7	n	91	8.92	0.539	0.287	9	NA	NA	F1-23	NA	NA	NA	NA	NA	NA	NA	NA		6	9.5	2.5	2.44948974278318	2.2512917986065	0.916290731874155	3.3166247903554	2.32238772029023	0.993251773010283	2.18829594659192	-0.61803970807314	-1.24827306322252	51.38333333	56.8
88	RU001	27	7	i	nat	3	flood	RU001.7.i	F1	71	11	19	2.4	y	91	6.29	1.047	0.381	8	NA	18	F1-27	69	NA	NA	NA	69	1	9.5	NA		9	13.1	2.9	3	2.57261223020711	1.06471073699243	3.3166247903554	2.94443897916644	0.8754687373539	1.83896107071235	0.0459289318883997	-0.964955903855436	51.38333333	56.8
89	RU002	11	2	c	nat	39	flood	RU002.2.c	NA	NA	NA	NA	NA	NA	NA	NA	NA	NA	6	24	24	FLOAT-24	NA	NA	NA	NA	NA	NA	NA	NA		14	14	3.5	3.74165738677394	2.63905732961526	1.25276296849537	NA	NA	NA	NA	NA	NA	49.1791667	53.2422611
90	RU002	37	5	d	nat	14	flood	RU002.5.d	NA	NA	NA	NA	NA	NA	NA	NA	NA	NA	8	18	NA	ALB	NA	NA	NA	NA	NA	NA	NA	NA		11	13.8	4	3.3166247903554	2.62466859216316	1.38629436111989	NA	NA	NA	NA	NA	NA	49.1791667	53.2422611
91	RU002	45	1	a	nat	43	flood	RU002.1.a	NA	NA	NA	NA	NA	NA	NA	NA	NA	NA	9	21	19	FLOAT-19	NA	NA	NA	NA	NA	NA	NA	NA		NA	NA	NA	NA	NA	NA	NA	NA	NA	NA	NA	NA	49.1791667	53.2422611
92	RU003	40	3	e	nat	14	flood	RU003.3.e	NA	NA	NA	NA	NA	NA	NA	NA	NA	NA	6	20	19	FLOAT-19	NA	NA	NA	NA	NA	NA	NA	NA		NA	NA	NA	NA	NA	NA	NA	NA	NA	NA	NA	NA	38.1625	54.8
93	RU003	2	1	f	nat	35	flood	RU003.1.f	NA	NA	NA	NA	NA	NA	NA	NA	NA	NA	9	14	12	FLOAT-12	NA	NA	NA	NA	NA	NA	NA	NA		4	9	1	2	2.19722457733622	0	NA	NA	NA	NA	NA	NA	38.1625	54.8
94	RU003	25	4	c	nat	45	flood	RU003.4.c	NA	NA	NA	NA	NA	NA	NA	NA	NA	NA	6	9	NA	EMPTY	NA	NA	NA	NA	NA	NA	NA	NA		1	4	0.6	1	1.38629436111989	-0.510825623765991	NA	NA	NA	NA	NA	NA	38.1625	54.8
95	RU004	39	8	c	nat	23	flood	RU004.8.c	F1	71	14	21.3	4.2	n	91	6.21	0.615	0.56	6	NA	NA	F1-39	NA	NA	NA	NA	NA	NA	NA	NA		10	14	1.9	3.16227766016838	2.63905732961526	0.641853886172395	3.74165738677394	3.05870707271538	1.43508452528932	1.82616089594539	-0.486133011175619	-0.579818495252942	60.16666667	55.01666667
96	RU004	49	6	c	nat	43	flood	RU004.6.c	NA	NA	NA	NA	NA	NA	NA	NA	NA	NA	NA	NA	NA		NA	NA	NA	NA	NA	NA	NA	NA		NA	NA	NA	NA	NA	NA	NA	NA	NA	NA	NA	NA	60.16666667	55.01666667
97	RU004	6	7	a	nat	39	flood	RU004.7.a	F2	71	5	11.3	3.2	n	91	NA	NA	NA	5	NA	NA	F2-6	NA	NA	NA	NA	NA	NA	NA	NA		NA	NA	NA	NA	NA	NA	2.23606797749979	2.42480272571829	1.16315080980568	NA	NA	NA	60.16666667	55.01666667
98	RU005	41	3	a	nat	45	flood	RU005.3.a	NA	NA	NA	NA	NA	NA	NA	NA	NA	NA	6	36	20	F1-41	NA	NA	NA	NA	NA	NA	NA	NA		17	11	3.6	4.12310562561766	2.39789527279837	1.28093384546206	NA	NA	NA	NA	NA	NA	49.1876667	53.2534694
99	RU005	13	5	f	nat	39	flood	RU005.5.f	NA	NA	NA	NA	NA	NA	NA	NA	NA	NA	6	21	20		NA	NA	NA	NA	NA	NA	NA	NA		13	13	2.5	3.60555127546399	2.56494935746154	0.916290731874155	NA	NA	NA	NA	NA	NA	49.1876667	53.2534694
100	RU005	15	6	c	nat	43	flood	RU005.6.c	NA	NA	NA	NA	NA	NA	NA	NA	NA	NA	6	16	NA	ALB	NA	NA	NA	NA	NA	NA	NA	NA		11	13.2	4.2	3.3166247903554	2.58021682959233	1.43508452528932	NA	NA	NA	NA	NA	NA	49.1876667	53.2534694
101	RU005	14	5	c	nat	3	flood	RU005.5.c	NA	NA	NA	NA	NA	NA	NA	NA	NA	NA	6	29	24	FLOAT-24	NA	NA	NA	NA	NA	NA	NA	NA		12	10.8	3.2	3.46410161513775	2.37954613413017	1.16315080980568	NA	NA	NA	NA	NA	NA	49.1876667	53.2534694
102	RU008	11	18	g	nat	43	flood	RU008.18.g	NA	NA	NA	NA	NA	NA	NA	NA	NA	NA	6	14	NA	ALB	NA	NA	NA	NA	NA	NA	NA	NA		10	18	5.9	3.16227766016838	2.89037175789616	1.77495235091167	NA	NA	NA	NA	NA	NA	44.05	43.06000278
103	RU008	33	17	a	nat	14	flood	RU008.17.a	NA	NA	NA	NA	NA	NA	NA	NA	NA	NA	8	15	NA		NA	NA	NA	NA	NA	NA	NA	NA		11	14.8	4.2	3.3166247903554	2.69462718077007	1.43508452528932	NA	NA	NA	NA	NA	NA	44.05	43.06000278
104	RU008	35	19	a	nat	3	flood	RU008.19.a	NA	NA	NA	NA	NA	NA	NA	NA	NA	NA	7	14	NA	ALB	NA	NA	NA	NA	NA	NA	NA	NA		13	13.2	3.3	3.60555127546399	2.58021682959233	1.19392246847243	NA	NA	NA	NA	NA	NA	44.05	43.06000278
105	RU008	11	16	e	nat	35	flood	RU008.16.e	NA	NA	NA	NA	NA	NA	NA	NA	NA	NA	6	15	NA	ALB	NA	NA	NA	NA	NA	NA	NA	NA		16	13	3.5	4	2.56494935746154	1.25276296849537	NA	NA	NA	NA	NA	NA	44.05	43.06000278
106	RU008	19	21	b	nat	23	flood	RU008.21.b	NA	NA	NA	NA	NA	NA	NA	NA	NA	NA	6	17	13	FLOAT-13	NA	NA	NA	NA	NA	NA	NA	NA		19	17.2	4.7	4.35889894354067	2.84490938381941	1.54756250871601	NA	NA	NA	NA	NA	NA	44.05	43.06000278
107	RU008	42	18	b	nat	39	flood	RU008.18.b	NA	NA	NA	NA	NA	NA	NA	NA	NA	NA	6	21	NA		NA	NA	NA	NA	NA	NA	NA	NA		10	12	3	3.16227766016838	2.484906649788	1.09861228866811	NA	NA	NA	NA	NA	NA	44.05	43.06000278
108	RU008	13	21	c	nat	45	flood	RU008.21.c	NA	NA	NA	NA	NA	NA	NA	NA	NA	NA	6	16	NA	ALB	NA	NA	NA	NA	NA	NA	NA	NA		12	23.4	3.6	3.46410161513775	3.15273602236366	1.28093384546206	NA	NA	NA	NA	NA	NA	44.05	43.06000278
109	TR001	35	10	g	nat	43	flood	TR001.10.g	NA	NA	NA	NA	NA	NA	NA	NA	NA	NA	6	17	NA	ALB	NA	NA	NA	NA	NA	NA	NA	NA		11	15.6	3.1	3.3166247903554	2.74727091425549	1.1314021114911	NA	NA	NA	NA	NA	NA	41.7511111111111	27.2477777777778
110	TR001	29	1	a	nat	23	flood	TR001.1.a	NA	NA	NA	NA	NA	NA	NA	NA	NA	NA	7	21	NA		NA	NA	NA	NA	NA	NA	NA	NA		12	15	3.5	3.46410161513775	2.70805020110221	1.25276296849537	NA	NA	NA	NA	NA	NA	41.7511111111111	27.2477777777778
111	TR001	50	12	h	nat	39	flood	TR001.12.h	F2	71	13	16.7	2.8	n	91	1.97	0.693	0.475	6	NA	NA	F2-50	NA	NA	NA	NA	NA	NA	NA	NA		10	14	3	3.16227766016838	2.63905732961526	1.09861228866811	3.60555127546399	2.81540871942271	1.02961941718116	0.678033542749897	-0.366725279792234	-0.744440474947496	41.7511111111111	27.2477777777778
112	TR001	50	1	e	nat	35	flood	TR001.1.e	NA	NA	NA	NA	NA	NA	NA	NA	NA	NA	7	19	NA		NA	NA	NA	NA	NA	NA	NA	NA		11	15	4.5	3.3166247903554	2.70805020110221	1.50407739677627	NA	NA	NA	NA	NA	NA	41.7511111111111	27.2477777777778
113	TR001	7	1	j	nat	45	flood	TR001.1.j	NA	NA	NA	NA	NA	NA	NA	NA	NA	NA	6	14	NA	ALB	NA	NA	NA	NA	NA	NA	NA	NA		7	20.1	3.7	2.64575131106459	3.00071981506503	1.30833281965018	NA	NA	NA	NA	NA	NA	41.7511111111111	27.2477777777778
114	TR001	39	19	g	nat	3	flood	TR001.19.g	NA	NA	NA	NA	NA	NA	NA	NA	NA	NA	6	19	NA		NA	NA	NA	NA	NA	NA	NA	NA		8	13.8	4.4	2.82842712474619	2.62466859216316	1.48160454092422	NA	NA	NA	NA	NA	NA	41.7511111111111	27.2477777777778
115	TR001	39	1	c	nat	14	flood	TR001.1.c	NA	NA	NA	NA	NA	NA	NA	NA	NA	NA	5	20	NA		NA	NA	NA	NA	NA	NA	NA	NA		13	12.2	3.2	3.60555127546399	2.50143595173921	1.16315080980568	NA	NA	NA	NA	NA	NA	41.7511111111111	27.2477777777778
116	TR003	12	6	c	nat	45	flood	TR003.6.c	NA	NA	NA	NA	NA	NA	NA	NA	NA	NA	8	13	12	FLOAT-12	NA	NA	NA	NA	NA	NA	NA	NA		8	16.3	2.6	2.82842712474619	2.79116510781272	0.955511445027436	NA	NA	NA	NA	NA	NA	38.7672222222222	37.0038888888889
117	TR003	6	24	d	nat	35	flood	TR003.24.d	F1	71	8	9.4	1.2	n	91	3.39	0.241	0.034	9	NA	NA	F1-6	NA	NA	NA	NA	NA	NA	NA	NA		5	8	2	2.23606797749979	2.07944154167984	0.693147180559945	2.82842712474619	2.24070968927596	0.182321556793955	1.22082992139236	-1.42295834549148	-3.38139475436598	38.7672222222222	37.0038888888889
118	TR003	7	2	g	nat	39	flood	TR003.2.g	NA	NA	NA	NA	NA	NA	NA	NA	NA	NA	8	17	12	FLOAT-12	NA	NA	NA	NA	NA	NA	NA	NA		NA	NA	NA	NA	NA	NA	NA	NA	NA	NA	NA	NA	38.7672222222222	37.0038888888889
119	TR004	35	14	a	nat	35	flood	TR004.14.a	NA	NA	NA	NA	NA	NA	NA	NA	NA	NA	6	21	12	FLOAT-12	NA	NA	NA	NA	NA	NA	NA	NA		9	15	4.5	3	2.70805020110221	1.50407739677627	NA	NA	NA	NA	NA	NA	38.3672222222222	42.7736111111111
120	TR004	3	8	a	nat	23	flood	TR004.8.a	F1	71	7	16	5.1	n	91	6.11	0.668	0.686	7	NA	NA	F1-3	NA	NA	NA	NA	NA	NA	NA	NA		10	13.4	1.9	3.16227766016838	2.59525470695687	0.641853886172395	2.64575131106459	2.77258872223978	1.62924053973028	1.8099267731835	-0.403467105445491	-0.376877651256252	38.3672222222222	42.7736111111111
121	TR004	21	8	f	nat	45	flood	TR004.8.f	NA	NA	NA	NA	NA	NA	NA	NA	NA	NA	5	12	12	FLOAT	NA	NA	NA	NA	NA	NA	NA	NA		7	16.5	1.8	2.64575131106459	2.80336038090653	0.587786664902119	NA	NA	NA	NA	NA	NA	38.3672222222222	42.7736111111111
122	TR004	43	27	e	nat	3	flood	TR004.27.e	NA	NA	NA	NA	NA	NA	NA	NA	NA	NA	8	11	11	Floating Free	NA	NA	NA	NA	NA	NA	NA	NA		9	11.1	4	3	2.40694510831829	1.38629436111989	NA	NA	NA	NA	NA	NA	38.3672222222222	42.7736111111111
123	TR004	12	27	f	nat	43	flood	TR004.27.f	F2	71	7	15	3.6	n	74	5.23	0.47	0.078	6	NA	NA	F2-12	NA	NA	NA	NA	NA	NA	NA	NA		6	12.8	2.2	2.44948974278318	2.54944517092557	0.78845736036427	2.64575131106459	2.70805020110221	1.28093384546206	1.65441127807683	-0.755022584278033	-2.55104645229255	38.3672222222222	42.7736111111111
124	TR005	33	18	k	nat	23	flood	TR005.18.k	NA	NA	NA	NA	NA	NA	NA	NA	NA	NA	6	30	NA		NA	NA	NA	NA	NA	NA	NA	NA		NA	NA	NA	NA	NA	NA	NA	NA	NA	NA	NA	NA	39.7825	41.0736111111111
125	TR005	25	9	e	nat	14	flood	TR005.9.e	NA	NA	NA	NA	NA	NA	NA	NA	NA	NA	8	15	13	FF-13	NA	NA	NA	NA	NA	NA	NA	NA		7	13.8	2.4	2.64575131106459	2.62466859216316	0.8754687373539	NA	NA	NA	NA	NA	NA	39.7825	41.0736111111111
126	TR005	18	20	i	nat	35	flood	TR005.20.i	NA	NA	NA	NA	NA	NA	NA	NA	NA	NA	7	19	13	FLOAT-13	NA	NA	NA	NA	NA	NA	NA	NA		9	16.5	4.5	3	2.80336038090653	1.50407739677627	NA	NA	NA	NA	NA	NA	39.7825	41.0736111111111
127	TR005	23	20	a	nat	45	flood	TR005.20.a	NA	NA	NA	NA	NA	NA	NA	NA	NA	NA	6	12	12	FLOAT	NA	NA	NA	NA	NA	NA	NA	NA		8	13.8	3.6	2.82842712474619	2.62466859216316	1.28093384546206	NA	NA	NA	NA	NA	NA	39.7825	41.0736111111111
128	UA001	15	25	b	nat	45	flood	UA001.25.b	NA	NA	NA	NA	NA	NA	NA	NA	NA	NA	6	20	NA		NA	NA	NA	NA	NA	NA	NA	NA		15	13.8	4.5	3.87298334620742	2.62466859216316	1.50407739677627	NA	NA	NA	NA	NA	NA	48.1006666666667	37.8161111111111
129	UA001	24	22	e	nat	35	flood	UA001.22.e	NA	NA	NA	NA	NA	NA	NA	NA	NA	NA	5	21	19	FLOAT-19	NA	NA	NA	NA	NA	NA	NA	NA		11	16	4.5	3.3166247903554	2.77258872223978	1.50407739677627	NA	NA	NA	NA	NA	NA	48.1006666666667	37.8161111111111
130	UA001	48	11	d	nat	14	flood	UA001.11.d	NA	NA	NA	NA	NA	NA	NA	NA	NA	NA	6	20	19	FLOAT-19	NA	NA	NA	NA	NA	NA	NA	NA		13	13.2	3.5	3.60555127546399	2.58021682959233	1.25276296849537	NA	NA	NA	NA	NA	NA	48.1006666666667	37.8161111111111
131	UA001	19	25	g	nat	3	flood	UA001.25.g	NA	NA	NA	NA	NA	NA	NA	NA	NA	NA	8	20	14	FLOAT-14	NA	NA	NA	NA	NA	NA	NA	NA		11	11.5	3.7	3.3166247903554	2.4423470353692	1.30833281965018	NA	NA	NA	NA	NA	NA	48.1006666666667	37.8161111111111
132	UA002	19	15	e	nat	45	flood	UA002.15.e	F1	71	20	17.3	4.3	n	91	7.13	1.089	0.228	7	NA	NA	F1-198	NA	NA	NA	NA	NA	NA	NA	NA		13	13.9	3.6	3.60555127546399	2.63188884013665	1.28093384546206	4.47213595499958	2.85070650150373	1.45861502269952	1.9643112344262	0.0852598439508234	-1.4784096500277	48.1523333333333	37.8405833333333
133	UA002	18	13	d	nat	14	flood	UA002.13.d	NA	NA	NA	NA	NA	NA	NA	NA	NA	NA	7	19	17	FLOAT-17	13	NA	NA	NA	NA	NA	NA	NA		NA	NA	NA	NA	NA	NA	NA	NA	NA	NA	NA	NA	48.1523333333333	37.8405833333333
134	UA002	35	18	f	nat	39	flood	UA002.18.f	NA	NA	NA	NA	NA	NA	NA	NA	NA	NA	7	18	NA	ALB	NA	NA	NA	NA	NA	NA	NA	NA		9	15	3.5	3	2.70805020110221	1.25276296849537	NA	NA	NA	NA	NA	NA	48.1523333333333	37.8405833333333
135	UA003	45	7A	f	nat	35	flood	UA003.7A.f	NA	NA	NA	NA	NA	NA	NA	NA	NA	NA	5	19	17	FLOAT-17	NA	NA	NA	NA	NA	NA	NA	NA		10	5	3	3.16227766016838	1.6094379124341	1.09861228866811	NA	NA	NA	NA	NA	NA	50.48075	30.4863055555556
136	UA003	12	7A	a	nat	23	flood	UA003.7A.a	NA	NA	NA	NA	NA	NA	NA	NA	NA	NA	6	29	30	FLOAT-30	NA	NA	NA	NA	NA	NA	NA	NA		15	17.3	4.7	3.87298334620742	2.85070650150373	1.54756250871601	NA	NA	NA	NA	NA	NA	50.48075	30.4863055555556
137	UA003	8	9A	h	nat	3	flood	UA003.9A.h	NA	NA	NA	NA	NA	NA	NA	NA	NA	NA	8	15	NA	ALB	NA	NA	NA	NA	NA	NA	NA	NA		7	14	2.6	2.64575131106459	2.63905732961526	0.955511445027436	NA	NA	NA	NA	NA	NA	50.48075	30.4863055555556
138	UA003	27	11A	c	nat	14	flood	UA003.11A.c	NA	NA	NA	NA	NA	NA	NA	NA	NA	NA	6	19	15	FLOAT-15	NA	NA	NA	NA	NA	NA	NA	NA		11	14.4	3.6	3.3166247903554	2.66722820658195	1.28093384546206	NA	NA	NA	NA	NA	NA	50.48075	30.4863055555556
139	UA003	37	8	d	nat	39	flood	UA003.8.d	NA	NA	NA	NA	NA	NA	NA	NA	NA	NA	8	14	12	FLOAT-12	NA	NA	NA	NA	NA	NA	NA	NA		8	17	3	2.82842712474619	2.83321334405622	1.09861228866811	NA	NA	NA	NA	NA	NA	50.48075	30.4863055555556
140	UA003	25	7A	c	nat	43	flood	UA003.7A.c	NA	NA	NA	NA	NA	NA	NA	NA	NA	NA	6	18	17	FLOAT-17	NA	NA	NA	NA	NA	NA	NA	NA		8	14.7	1.9	2.82842712474619	2.68784749378469	0.641853886172395	NA	NA	NA	NA	NA	NA	50.48075	30.4863055555556
141	UA003	30	6	h	nat	45	flood	UA003.6.h	NA	NA	NA	NA	NA	NA	NA	NA	NA	NA	5	12	NA	ALB	NA	NA	NA	NA	NA	NA	NA	NA		10	14.3	2.8	3.16227766016838	2.66025953726586	1.02961941718116	NA	NA	NA	NA	NA	NA	50.48075	30.4863055555556
142	UA004	10	7	a	nat	45	flood	UA004.7.a	NA	NA	NA	NA	NA	NA	NA	NA	NA	NA	5	12	12	FLOAT	NA	NA	NA	NA	NA	NA	NA	NA		13	13	2.9	3.60555127546399	2.56494935746154	1.06471073699243	NA	NA	NA	NA	NA	NA	48.6460277777778	30.7750833333333
143	UA004	43	5	c	nat	35	flood	UA004.5.c	NA	NA	NA	NA	NA	NA	NA	NA	NA	NA	7	21	20	FLOAT-20	NA	NA	NA	NA	NA	NA	NA	NA		10	13	4.5	3.16227766016838	2.56494935746154	1.50407739677627	NA	NA	NA	NA	NA	NA	48.6460277777778	30.7750833333333
144	UA004	31	18	e	nat	23	flood	UA004.18.e	NA	NA	NA	NA	NA	NA	NA	NA	NA	NA	5	17	NA	ALB	NA	NA	NA	NA	NA	NA	NA	NA		12	10.2	3.3	3.46410161513775	2.32238772029023	1.19392246847243	NA	NA	NA	NA	NA	NA	48.6460277777778	30.7750833333333
145	UA004	29	5	j	nat	39	flood	UA004.5.j	F2	71	11	16.6	5.2	n	74	7.09	0.736	0.604	6	NA	NA	F2-29	NA	NA	NA	NA	NA	NA	NA	NA		12	12	4.5	3.46410161513775	2.484906649788	1.50407739677627	3.3166247903554	2.8094026953625	1.64865862558738	1.95868534054404	-0.306525160253261	-0.504181081047322	48.6460277777778	30.7750833333333
146	UA004	12	15	j	nat	3	flood	UA004.15.j	NA	NA	NA	NA	NA	NA	NA	NA	NA	NA	7	21	20	FLOAT-20	NA	NA	NA	NA	NA	NA	NA	NA		10	14.2	4.2	3.16227766016838	2.65324196460721	1.43508452528932	NA	NA	NA	NA	NA	NA	48.6460277777778	30.7750833333333
147	UA004	13	5	b	nat	14	flood	UA004.5.b	NA	NA	NA	NA	NA	NA	NA	NA	NA	NA	5	21	20	FLOAT-20	NA	NA	NA	NA	NA	NA	NA	NA		13	11.8	2.6	3.60555127546399	2.46809953147162	0.955511445027436	NA	NA	NA	NA	NA	NA	48.6460277777778	30.7750833333333
148	UA004	30	18	c	nat	43	flood	UA004.18.c	NA	NA	NA	NA	NA	NA	NA	NA	NA	NA	7	20	NA		NA	NA	NA	NA	NA	NA	NA	NA		11	19	4.8	3.3166247903554	2.94443897916644	1.56861591791385	NA	NA	NA	NA	NA	NA	48.6460277777778	30.7750833333333
149	UA005	20	7	g	nat	23	flood	UA005.7.g	NA	NA	NA	NA	NA	NA	NA	NA	NA	NA	6	29	25	FLOAT-25	NA	NA	NA	NA	NA	NA	NA	NA		11	15.7	4.6	3.3166247903554	2.75366071235426	1.52605630349505	NA	NA	NA	NA	NA	NA	47.862	38.4606944444444
150	UA005	5	18	g	nat	14	flood	UA005.18.g	NA	NA	NA	NA	NA	NA	NA	NA	NA	NA	6	25	NA		NA	NA	NA	NA	NA	NA	NA	NA		NA	NA	NA	NA	NA	NA	NA	NA	NA	NA	NA	NA	47.862	38.4606944444444
151	UA005	17	15	f	nat	3	flood	UA005.15.f	F1	71	9	19.6	4.3	n	91	6.18	1.062	0.259	8	NA	20	F1-17	NA	NA	NA	NA	NA	NA	NA	NA		8	12.6	3.2	2.82842712474619	2.53369681395743	1.16315080980568	3	2.97552956623647	1.45861502269952	1.8213182714696	0.0601539228197471	-1.3509272172826	47.862	38.4606944444444
152	UA006	42	10	a	nat	14	flood	UA006.10.a	NA	NA	NA	NA	NA	NA	NA	NA	NA	NA	7	16	13	FLOAT-13	NA	NA	NA	NA	NA	NA	NA	NA		8	16.5	3.5	2.82842712474619	2.80336038090653	1.25276296849537	NA	NA	NA	NA	NA	NA	45.7083333333333	33.3497222222222
153	UA006	39	14	c	nat	35	flood	UA006.14.c	NA	NA	NA	NA	NA	NA	NA	NA	NA	NA	5	11	11	FLOAT	NA	NA	NA	NA	NA	NA	NA	NA		NA	NA	NA	NA	NA	NA	NA	NA	NA	NA	NA	NA	45.7083333333333	33.3497222222222
154	UA006	36	24	h	nat	3	flood	UA006.24.h	NA	NA	NA	NA	NA	NA	NA	NA	NA	NA	5	17	NA	ALB	NA	NA	NA	NA	NA	NA	NA	NA		9	16.3	5.2	3	2.79116510781272	1.64865862558738	NA	NA	NA	NA	NA	NA	45.7083333333333	33.3497222222222
155	UA006	19	14	i	nat	39	flood	UA006.14.i	NA	NA	NA	NA	NA	NA	NA	NA	NA	NA	5	14	12	FLOAT-12	NA	NA	NA	NA	NA	NA	NA	NA		NA	NA	NA	NA	NA	NA	NA	NA	NA	NA	NA	NA	45.7083333333333	33.3497222222222
156	UA008	22	13	e	nat	35	flood	UA008.13.e	NA	NA	NA	NA	NA	NA	NA	NA	NA	NA	7	22	13	FLOAT-13	NA	NA	NA	NA	NA	NA	NA	NA		3	12	2.5	1.73205080756888	2.484906649788	0.916290731874155	NA	NA	NA	NA	NA	NA	46.7572222222222	32.7661111111111
157	UA008	43	13	d	nat	14	flood	UA008.13.d	NA	NA	NA	NA	NA	NA	NA	NA	NA	NA	5	21	NA		NA	NA	NA	NA	NA	NA	NA	NA		10	15.6	3.9	3.16227766016838	2.74727091425549	1.3609765531356	NA	NA	NA	NA	NA	NA	46.7572222222222	32.7661111111111
158	UA008	42	25	a	nat	3	flood	UA008.25.a	NA	NA	NA	NA	NA	NA	NA	NA	NA	NA	7	12	NA	ALB	NA	NA	NA	NA	NA	NA	NA	NA		NA	NA	NA	NA	NA	NA	NA	NA	NA	NA	NA	NA	46.7572222222222	32.7661111111111
159	UA008	42	18	d	nat	45	flood	UA008.18.d	NA	NA	NA	NA	NA	NA	NA	NA	NA	NA	7	14	NA	ALB	NA	NA	NA	NA	NA	NA	NA	NA		9	13.7	3.2	3	2.61739583283408	1.16315080980568	NA	NA	NA	NA	NA	NA	46.7572222222222	32.7661111111111
160	US001	23	20	e	inv	43	flood	US001.20.e	NA	NA	NA	NA	NA	NA	NA	NA	NA	NA	6	21	20	FLOAT-20	NA	NA	NA	NA	NA	NA	NA	NA		12	17.2	4	3.46410161513775	2.84490938381941	1.38629436111989	NA	NA	NA	NA	NA	NA	45.6152333333333	-120.787533333333
161	US001	34	23	g	inv	14	flood	US001.23.g	NA	NA	NA	NA	NA	NA	NA	NA	NA	NA	5	14	NA	ALB	NA	NA	NA	NA	NA	NA	NA	NA		15	15.4	2.8	3.87298334620742	2.73436750941958	1.02961941718116	NA	NA	NA	NA	NA	NA	45.6152333333333	-120.787533333333
162	US001	28	20	d	inv	39	flood	US001.20.d	F2	71	35	17.5	6	n	74	13.95	2.958	1.527	5	NA	NA	F2-28	NA	NA	NA	NA	NA	NA	NA	NA		13	12	3	3.60555127546399	2.484906649788	1.09861228866811	5.91607978309962	2.86220088092947	1.79175946922805	2.63547950826737	1.08451336428861	0.423305026236495	45.6152333333333	-120.787533333333
163	US001	16	22	e	inv	45	flood	US001.22.e	NA	NA	NA	NA	NA	NA	NA	NA	NA	NA	7	20	17	FLOAT-17	NA	NA	NA	NA	NA	NA	NA	NA		13	15.5	2.6	3.60555127546399	2.7408400239252	0.955511445027436	NA	NA	NA	NA	NA	NA	45.6152333333333	-120.787533333333
164	US001	42	14	h	inv	23	flood	US001.14.h	F1	71	13	13.1	1.6	n	91	6.97	0.585	0.782	5	NA	NA	F1-42	NA	NA	NA	NA	NA	NA	NA	NA		15	10.6	3.1	3.87298334620742	2.36085400111802	1.1314021114911	3.60555127546399	2.57261223020711	0.470003629245736	1.94161522477243	-0.536143431750281	-0.245900538436826	45.6152333333333	-120.787533333333
165	US001	22	20	a	inv	3	flood	US001.20.a	NA	NA	NA	NA	NA	NA	NA	NA	NA	NA	6	29	24	FLOAT-24	NA	NA	NA	NA	NA	NA	NA	NA		13	13	3.3	3.60555127546399	2.56494935746154	1.19392246847243	NA	NA	NA	NA	NA	NA	45.6152333333333	-120.787533333333
166	US001	14	23	f	inv	35	flood	US001.23.f	NA	NA	NA	NA	NA	NA	NA	NA	NA	NA	6	17	12	FLOAT-12	NA	NA	NA	NA	NA	NA	NA	NA		13	16	4	3.60555127546399	2.77258872223978	1.38629436111989	NA	NA	NA	NA	NA	NA	45.6152333333333	-120.787533333333
167	US002	39	24	i	inv	43	flood	US002.24.i	NA	NA	NA	NA	NA	NA	NA	NA	NA	NA	7	17	16	FLOAT-16	NA	NA	NA	NA	NA	NA	NA	NA		15	13.3	2.9	3.87298334620742	2.58776403522771	1.06471073699243	NA	NA	NA	NA	NA	NA	46.1822666666667	-118.82615
168	US002	9	1	g	inv	23	flood	US002.1.g	NA	NA	NA	NA	NA	NA	NA	NA	NA	NA	8	21	15	FLOAT-15	NA	NA	NA	NA	NA	NA	NA	NA		13	16.7	2.5	3.60555127546399	2.81540871942271	0.916290731874155	NA	NA	NA	NA	NA	NA	46.1822666666667	-118.82615
169	US002	31	24	h	inv	39	flood	US002.24.h	NA	NA	NA	NA	NA	NA	NA	NA	NA	NA	6	29	29	FLOAT-29	NA	NA	NA	NA	NA	NA	NA	NA		14	12	3	3.74165738677394	2.484906649788	1.09861228866811	NA	NA	NA	NA	NA	NA	46.1822666666667	-118.82615
170	US002	17	24	e	inv	45	flood	US002.24.e	NA	NA	NA	NA	NA	NA	NA	NA	NA	NA	6	20	NA		NA	NA	NA	NA	NA	NA	NA	NA		14	16.2	3	3.74165738677394	2.78501124223834	1.09861228866811	NA	NA	NA	NA	NA	NA	46.1822666666667	-118.82615
171	US002	6	17	g	inv	3	flood	US002.17.g	NA	NA	NA	NA	NA	NA	NA	NA	NA	NA	6	25	24	FLOAT-24	NA	NA	NA	NA	NA	NA	NA	NA		15	12.1	3.4	3.87298334620742	2.4932054526027	1.22377543162212	NA	NA	NA	NA	NA	NA	46.1822666666667	-118.82615
172	US002	45	24	f	inv	14	flood	US002.24.f	NA	NA	NA	NA	NA	NA	NA	NA	NA	NA	6	18	NA	ALB	NA	NA	NA	NA	NA	NA	NA	NA		11	13	2.6	3.3166247903554	2.56494935746154	0.955511445027436	NA	NA	NA	NA	NA	NA	46.1822666666667	-118.82615
173	US002	26	17	e	inv	35	flood	US002.17.e	NA	NA	NA	NA	NA	NA	NA	NA	NA	NA	5	15	NA	ALB	NA	NA	NA	NA	NA	NA	NA	NA		11	15	4	3.3166247903554	2.70805020110221	1.38629436111989	NA	NA	NA	NA	NA	NA	46.1822666666667	-118.82615
174	US003	15	28	f	inv	39	flood	US003.28.f	NA	NA	NA	NA	NA	NA	NA	NA	NA	NA	6	17	16		NA	NA	NA	NA	NA	NA	NA	NA		13	17	3.5	3.60555127546399	2.83321334405622	1.25276296849537	NA	NA	NA	NA	NA	NA	46.60415	-116.64175
175	US003	10	28	e	inv	23	flood	US003.28.e	NA	NA	NA	NA	NA	NA	NA	NA	NA	NA	5	20	NA		NA	NA	NA	NA	NA	NA	NA	NA		14	16.3	3.3	3.74165738677394	2.79116510781272	1.19392246847243	NA	NA	NA	NA	NA	NA	46.60415	-116.64175
176	US003	1	19	j	inv	3	flood	US003.19.j	F1	71	9	12.3	2.8	n	91	9.55	0.468	0.386	7	25	NA	F1-1	NA	NA	NA	NA	NA	NA	NA	NA		13	10.1	3	3.60555127546399	2.31253542384721	1.09861228866811	3	2.50959926237837	1.02961941718116	2.25654115449264	-0.75928698306449	-0.951917909517306	46.60415	-116.64175
177	US003	48	20	a	inv	45	flood	US003.20.a	NA	NA	NA	NA	NA	NA	NA	NA	NA	NA	7	19	NA		NA	NA	NA	NA	NA	NA	NA	NA		16	16.9	3.5	4	2.82731362192903	1.25276296849537	NA	NA	NA	NA	NA	NA	46.60415	-116.64175
178	US003	30	19	c	inv	35	flood	US003.19.c	NA	NA	NA	NA	NA	NA	NA	NA	NA	NA	5	20	NA		NA	NA	NA	NA	NA	NA	NA	NA		18	14	4	4.24264068711928	2.63905732961526	1.38629436111989	NA	NA	NA	NA	NA	NA	46.60415	-116.64175
179	US003	14	27	a	inv	43	flood	US003.27.a	NA	NA	NA	NA	NA	NA	NA	NA	NA	NA	6	17	NA	ALB	NA	NA	NA	NA	NA	NA	NA	NA		14	17.3	4.2	3.74165738677394	2.85070650150373	1.43508452528932	NA	NA	NA	NA	NA	NA	46.60415	-116.64175
180	US003	31	27	d	inv	14	flood	US003.27.d	NA	NA	NA	NA	NA	NA	NA	NA	NA	NA	6	13	13	FLOAT	NA	NA	NA	NA	NA	NA	NA	NA		11	14.5	4.3	3.3166247903554	2.67414864942653	1.45861502269952	NA	NA	NA	NA	NA	NA	46.60415	-116.64175
181	US011	49	12	e	inv	35	flood	US011.12.e	NA	NA	NA	NA	NA	NA	NA	NA	NA	NA	9	19	18	FLOAT-18	NA	NA	NA	NA	NA	NA	NA	NA		8	14.3	3.5	2.82842712474619	2.66025953726586	1.25276296849537	NA	NA	NA	NA	NA	NA	43.3855277777778	-106.937333333333
182	US011	8	8	f	inv	43	flood	US011.8.f	NA	NA	NA	NA	NA	NA	NA	NA	NA	NA	6	20	13	FLOAT-13	NA	NA	NA	NA	NA	NA	NA	NA		NA	NA	NA	NA	NA	NA	NA	NA	NA	NA	NA	NA	43.3855277777778	-106.937333333333
183	US011	41	8	h	inv	3	flood	US011.8.h	NA	NA	NA	NA	NA	NA	NA	NA	NA	NA	5	12	NA	ALB	NA	NA	NA	NA	NA	NA	NA	NA		NA	NA	NA	NA	NA	NA	NA	NA	NA	NA	NA	NA	43.3855277777778	-106.937333333333
184	US012	36	29	e	inv	35	flood	US012.29.e	NA	NA	NA	NA	NA	NA	NA	NA	NA	NA	7	15	13	FLOAT-13	NA	NA	NA	NA	NA	NA	NA	NA		8	14	3	2.82842712474619	2.63905732961526	1.09861228866811	NA	NA	NA	NA	NA	NA	40.5281527777778	-104.848788888889
185	US012	34	35	f	inv	45	flood	US012.35.f	NA	NA	NA	NA	NA	NA	NA	NA	NA	NA	6	16	15	FLOAT-15	NA	NA	NA	NA	NA	NA	NA	NA		NA	NA	NA	NA	NA	NA	NA	NA	NA	NA	NA	NA	40.5281527777778	-104.848788888889
186	US012	38	31	a	inv	14	flood	US012.31.a	NA	NA	NA	NA	NA	NA	NA	NA	NA	NA	7	16	13	FLOAT-13	NA	NA	NA	NA	NA	NA	NA	NA		7	16.8	4.1	2.64575131106459	2.82137888640921	1.41098697371026	NA	NA	NA	NA	NA	NA	40.5281527777778	-104.848788888889
187	US012	28	31	c	inv	43	flood	US012.31.c	F2	71	8	15.3	3.6	n	74	3.58	0.18	0.095	7	NA	NA	F2-42	NA	NA	NA	NA	NA	NA	NA	NA	NA	4	14	2.8	2	2.63905732961526	1.02961941718116	2.82842712474619	2.72785282839839	1.28093384546206	1.27536280041261	-1.71479842809193	-2.3538783873816	40.5281527777778	-104.848788888889
188	US014	47	16	g	inv	45	flood	US014.16.g	NA	NA	NA	NA	NA	NA	NA	NA	NA	NA	6	32	15	F1-47	NA	NA	NA	NA	NA	NA	NA	NA		11	14.1	3.6	3.3166247903554	2.64617479738412	1.28093384546206	NA	NA	NA	NA	NA	NA	40.1222666666667	-101.280283333333
189	US014	9	16	b	inv	35	flood	US014.16.b	NA	NA	NA	NA	NA	NA	NA	NA	NA	NA	6	19	18	FLOAT-18	NA	NA	NA	NA	NA	NA	NA	NA		11	17	4.5	3.3166247903554	2.83321334405622	1.50407739677627	NA	NA	NA	NA	NA	NA	40.1222666666667	-101.280283333333
190	US014	47	22	e	inv	3	flood	US014.22.e	NA	NA	NA	NA	NA	NA	NA	NA	NA	NA	8	19	NA		NA	NA	NA	NA	NA	NA	NA	NA		NA	NA	NA	NA	NA	NA	NA	NA	NA	NA	NA	NA	40.1222666666667	-101.280283333333
191	US014	33	17	a	inv	39	flood	US014.17.a	NA	NA	NA	NA	NA	NA	NA	NA	NA	NA	6	18	17	FLOAT-17	NA	NA	NA	NA	NA	NA	NA	NA		8	16	3.5	2.82842712474619	2.77258872223978	1.25276296849537	NA	NA	NA	NA	NA	NA	40.1222666666667	-101.280283333333
192	US015	16	3	h	inv	35	flood	US015.3.h	NA	NA	NA	NA	NA	NA	NA	NA	NA	NA	7	13	NA	ALB	NA	NA	NA	NA	NA	NA	NA	NA		8	13.5	4	2.82842712474619	2.60268968544438	1.38629436111989	NA	NA	NA	NA	NA	NA	42.7253611111111	-118.001033333333
193	US015	6	17	e	inv	45	flood	US015.17.e	NA	NA	NA	NA	NA	NA	NA	NA	NA	NA	6	19	17	FLOAT-17	NA	NA	NA	NA	NA	NA	NA	NA		8	19.5	4.2	2.82842712474619	2.9704144655697	1.43508452528932	NA	NA	NA	NA	NA	NA	42.7253611111111	-118.001033333333
194	US015	29	2	c	inv	14	flood	US015.2.c	NA	NA	NA	NA	NA	NA	NA	NA	NA	NA	7	14	13	FLOAT-13	NA	NA	NA	NA	NA	NA	NA	NA		10	11.9	2.2	3.16227766016838	2.47653840011748	0.78845736036427	NA	NA	NA	NA	NA	NA	42.7253611111111	-118.001033333333
195	US015	7	2	f	inv	3	flood	US015.2.f	NA	NA	NA	NA	NA	NA	NA	NA	NA	NA	8	17	15	FLOAT-15	NA	NA	NA	NA	NA	NA	NA	NA		6	12.9	3.6	2.44948974278318	2.55722731136763	1.28093384546206	NA	NA	NA	NA	NA	NA	42.7253611111111	-118.001033333333
196	US015	25	17	j	inv	23	flood	US015.17.j	NA	NA	NA	NA	NA	NA	NA	NA	NA	NA	5	17	16	FLOAT-16	NA	NA	NA	NA	NA	NA	NA	NA		9	14.6	3.8	3	2.68102152871429	1.33500106673234	NA	NA	NA	NA	NA	NA	42.7253611111111	-118.001033333333
197	US015	4	15	g	inv	39	flood	US015.15.g	F2	71	10	17	4.2	n	74	5.77	0.87	0.23	8	NA	NA	F2-4	NA	NA	NA	NA	NA	NA	NA	NA		10	13	3	3.16227766016838	2.56494935746154	1.09861228866811	3.16227766016838	2.83321334405622	1.43508452528932	1.75267208052001	-0.139262067333508	-1.46967597005894	42.7253611111111	-118.001033333333
198	US020	14	24	d	inv	39	flood	US020.24.d	F2	71	10	20.9	4.2	n	74	5.42	0.635	0.156	7	NA	20	F2-14	NA	NA	NA	NA	NA	NA	NA	NA		6	14.5	3	2.44948974278318	2.67414864942653	1.09861228866811	3.16227766016838	3.03974915897077	1.43508452528932	1.69009581545155	-0.454130280089445	-1.8578992717326	46.9839888888889	-119.580186111111
199	US020	49	42	j	inv	45	flood	US020.42.j	NA	NA	NA	NA	NA	NA	NA	NA	NA	NA	NA	NA	NA		NA	NA	NA	NA	NA	NA	NA	NA		NA	NA	NA	NA	NA	NA	NA	NA	NA	NA	NA	NA	46.9839888888889	-119.580186111111
200	US020	46	27	g	inv	23	flood	US020.27.g	NA	NA	NA	NA	NA	NA	NA	NA	NA	NA	6	18	16	FLOAT-16	NA	NA	NA	NA	NA	NA	NA	NA		NA	NA	NA	NA	NA	NA	NA	NA	NA	NA	NA	NA	46.9839888888889	-119.580186111111
201	US022	46	23	e	inv	43	flood	US022.23.e	NA	NA	NA	NA	NA	NA	NA	NA	NA	NA	6	22	20	FLOAT-20	NA	NA	NA	NA	NA	NA	NA	NA		NA	NA	NA	NA	NA	NA	NA	NA	NA	NA	NA	NA	45.74515	-119.784683333333
202	US022	11	17	b	inv	14	flood	US022.17.b	NA	NA	NA	NA	NA	NA	NA	NA	NA	NA	5	18	NA	ALB	NA	NA	NA	NA	NA	NA	NA	NA		NA	NA	NA	NA	NA	NA	NA	NA	NA	NA	NA	NA	45.74515	-119.784683333333
203	US022	50	42	g	inv	23	flood	US022.42.g	NA	NA	NA	NA	NA	NA	NA	NA	NA	NA	6	11	NA	ALB	NA	NA	NA	NA	NA	NA	NA	NA		11	10.3	1.5	3.3166247903554	2.33214389523559	0.405465108108164	NA	NA	NA	NA	NA	NA	45.74515	-119.784683333333
204	US023	7	34	g	inv	23	flood	US023.34.g	NA	NA	NA	NA	NA	NA	NA	NA	NA	NA	5	16	NA	ALB	NA	NA	NA	NA	NA	NA	NA	NA		NA	NA	NA	NA	NA	NA	NA	NA	NA	NA	NA	NA	39.224275	-103.122291666667
205	US023	45	26	f	inv	45	flood	US023.26.f	NA	NA	NA	NA	NA	NA	NA	NA	NA	NA	NA	NA	NA		NA	NA	NA	NA	NA	NA	NA	NA		NA	NA	NA	NA	NA	NA	NA	NA	NA	NA	NA	NA	39.224275	-103.122291666667
206	US023	8	41	d	inv	39	flood	US023.41.d	NA	NA	NA	NA	NA	NA	NA	NA	NA	NA	6	15	NA	ALB	NA	NA	NA	NA	NA	NA	NA	NA		10	20	5	3.16227766016838	2.99573227355399	1.6094379124341	NA	NA	NA	NA	NA	NA	39.224275	-103.122291666667
207	US026	16	24	e	inv	23	flood	US026.24.e	NA	NA	NA	NA	NA	NA	NA	NA	NA	NA	9	17	12	FF-12	NA	NA	NA	NA	NA	NA	NA	NA		6	10.1	1.4	2.44948974278318	2.31253542384721	0.336472236621213	NA	NA	NA	NA	NA	NA	40.3719055555556	-104.472561111111
208	US026	7	15	b	inv	35	flood	US026.15.b	NA	NA	NA	NA	NA	NA	NA	NA	NA	NA	5	22	20	FLOAT-20	NA	NA	NA	NA	NA	NA	NA	NA		NA	NA	NA	NA	NA	NA	NA	NA	NA	NA	NA	NA	40.3719055555556	-104.472561111111
209	US026	30	23	a	inv	14	flood	US026.23.a	F2	71	7	10.2	2.2	n	74	7.37	0.599	0.287	6	NA	NA	F2-30	NA	NA	NA	NA	NA	NA	NA	NA		11	16.6	3.7	3.3166247903554	2.8094026953625	1.30833281965018	2.64575131106459	2.32238772029023	0.78845736036427	1.99741770620125	-0.512493680866688	-1.24827306322252	40.3719055555556	-104.472561111111
