Rack	Pos	PopID	Mom	Indiv	Origin	Trt	ID	MsrDayH	LfCountH	LfLgthH	LfWdthH	BoltedatH	HarvestDay	CrownDiam.mm	ShootMass.g	RootMass.g	LfCount2	LfLgth2	LfWdth2	LfYellow2	BoltHt2	LfCount1	LfLgth1	LfWdth1	Yellow	BoltDate	BoltMsrDate	BCount1	MaxBoltHt1	BoltMsrDate2	BCount2	MaxBoltHt2	BoltMsrDate3	BCount3	MaxBoltHt3	FlrDate	FlrColor	LfCount1.sq	LfLgth1.log	LfWdth1.log	LfCount2.sq	LfLgth2.log	LfWdth2.log	LfCountH.sq	LfLgthH.log	LfWdthH.log	CrownH.log	ShootH.log	RootH.log
TR003.24.f	13	1	TR003	24	f	nat	nut def	TR003.24.f	78	16	9.9	1.9	n	78	4.22	0.488	0.855	17	10.3	2	y	NA	7	8.5	1.8	15	NA	NA	NA	NA	NA	NA	NA	NA	NA	NA	NA		2.64575131106459	2.14006616349627	0.587786664902119	4.12310562561766	2.33214389523559	0.693147180559945	4	2.29253475714054	0.641853886172395	1.43983512804792	-0.71743987312899	-0.156653810045377
TR001.10.c	13	2	TR001	10	c	nat	nut def	TR001.10.c	78	12	19	4.8	n	78	5.41	1.406	2.674	13	19.5	4.3	y	NA	9	16.1	3.5	15	NA	NA	NA	NA	NA	NA	NA	NA	NA	NA	NA		3	2.77881927199042	1.25276296849537	3.60555127546399	2.9704144655697	1.45861502269952	3.46410161513775	2.94443897916644	1.56861591791385	1.68824909285839	0.340748793388473	0.983575478679751
RO002.12.d	13	4	RO002	12	d	nat	nut def	RO002.12.d	78	13	15.7	4.6	n	78	5.17	0.947	1.226	12	15.9	3.6	y	NA	8	13.2	2.7	15	NA	NA	NA	NA	NA	NA	NA	NA	NA	NA	NA		2.82842712474619	2.58021682959233	0.993251773010283	3.46410161513775	2.76631910922619	1.28093384546206	3.60555127546399	2.75366071235426	1.52605630349505	1.64287268852034	-0.0544561857960589	0.20375683751402
CA001.4.c	13	5	CA001	4	c	inv	nut def	CA001.4.c	78	15	15.6	4.2	n	78	6.2	1.337	2.651	16	14.1	4.5	y	NA	12	11.9	2.1	15	NA	NA	NA	NA	NA	NA	NA	NA	NA	NA	NA		3.46410161513775	2.47653840011748	0.741937344729377	4	2.64617479738412	1.50407739677627	3.87298334620742	2.74727091425549	1.43508452528932	1.82454929205105	0.290428298119806	0.974936927306888
TR005.18.f	13	8	TR005	18	f	nat	nut def	TR005.18.f	78	7	12.8	3.3	n	78	5.32	0.737	0.975	8	13.1	3.1	y	NA	9	12.5	3.3	14	NA	NA	NA	NA	NA	NA	NA	NA	NA	NA	NA		3	2.52572864430826	1.19392246847243	2.82842712474619	2.57261223020711	1.1314021114911	2.64575131106459	2.54944517092557	1.19392246847243	1.67147330335355	-0.3051673867928	-0.0253178079842899
UA002.14.a	13	9	UA002	14	a	nat	nut def	UA002.14.a	NA	NA	NA	NA	NA	NA	NA	NA	NA	NA	NA	NA	NA	NA	NA	NA	NA	14	NA	NA	NA	NA	NA	NA	NA	NA	NA	NA	NA		NA	NA	NA	NA	NA	NA	NA	NA	NA	NA	NA	NA
UA002.15.c	13	9	UA002	15	c	nat	nut def	UA002.15.c	78	12	16.6	3.5	n	78	5.86	1.192	2.524	10	17.3	3.5	y	NA	10	17.6	3.5	14	NA	NA	NA	NA	NA	NA	NA	NA	NA	NA	NA	NA	3.16227766016838	2.86789890204411	1.25276296849537	3.16227766016838	2.85070650150373	1.25276296849537	3.46410161513775	2.8094026953625	1.25276296849537	1.76814960358892	0.175632568643158	0.925844944678967
US015.13.k	13	11	US015	13	k	inv	nut def	US015.13.k	78	10	14.5	3.9	n	78	5.38	1.195	2.491	15	15.6	4.8	y	NA	10	11	3.1	15	NA	NA	NA	NA	NA	NA	NA	NA	NA	NA	NA		3.16227766016838	2.39789527279837	1.1314021114911	3.87298334620742	2.74727091425549	1.56861591791385	3.16227766016838	2.67414864942653	1.3609765531356	1.68268837417369	0.178146185383474	0.912684236280043
TR004.8.h	13	12	TR004	8	h	nat	nut def	TR004.8.h	78	7	13.7	3.1	n	78	3.31	0.588	0.326	13	18.5	4.6	y	NA	8	13.4	2.9	15	NA	NA	NA	NA	NA	NA	NA	NA	NA	NA	NA		2.82842712474619	2.59525470695687	1.06471073699243	3.60555127546399	2.91777073208428	1.52605630349505	2.64575131106459	2.61739583283408	1.1314021114911	1.19694818938897	-0.53102833108351	-1.12085789761543
RO001.6.b	13	14	RO001	6	b	nat	nut def	RO001.6.b	78	19	16.6	5.1	n	78	5.82	2.195	3.888	16	18.1	4.8	y	NA	13	16.9	3.6	14	NA	NA	NA	NA	NA	NA	NA	NA	NA	NA	NA		3.60555127546399	2.82731362192903	1.28093384546206	4	2.89591193827178	1.56861591791385	4.35889894354067	2.8094026953625	1.62924053973028	1.76130026174335	0.786182046527135	1.35789488659819
UA003.6.e	13	15	UA003	6	e	nat	nut def	UA003.6.e	78	10	20.2	5.9	n	78	5.58	1.693	3.033	9	21.7	5	y	NA	8	17.2	2.3	14	NA	NA	NA	NA	NA	NA	NA	NA	NA	NA	NA		2.82842712474619	2.84490938381941	0.832909122935104	3	3.07731226054641	1.6094379124341	3.16227766016838	3.00568260440716	1.77495235091167	1.71918877639322	0.526502103150998	1.10955222870644
RU002.7.b	13	16	RU002	7	b	nat	nut def	RU002.7.b	78	16	18.9	4.2	n	78	4.68	1.158	3.356	16	20.8	4.9	y	NA	9	14.7	2.6	15	NA	NA	NA	NA	NA	NA	NA	NA	NA	NA	NA		3	2.68784749378469	0.955511445027436	4	3.03495298670727	1.58923520511658	4	2.9391619220656	1.43508452528932	1.54329810992956	0.146694379150803	1.21074978860496
RO004.12.a	13	17	RO004	12	a	nat	nut def	RO004.12.a	78	13	19.1	4.5	n	78	6.37	1.684	NA	15	18.9	3.4	y	NA	11	16	2.1	15	NA	NA	NA	NA	NA	NA	NA	NA	NA	NA	NA		3.3166247903554	2.77258872223978	0.741937344729377	3.87298334620742	2.9391619220656	1.22377543162212	3.60555127546399	2.94968833505258	1.50407739677627	1.85159946958407	0.521171915820135	NA
RO003.9.j	13	18	RO003	9	j	nat	nut def	RO003.9.j	78	18	15.4	3.7	n	78	4.8	1.247	2.761	14	17.6	3.6	y	NA	8	14.1	2.2	16	NA	NA	NA	NA	NA	NA	NA	NA	NA	NA	NA		2.82842712474619	2.64617479738412	0.78845736036427	3.74165738677394	2.86789890204411	1.28093384546206	4.24264068711928	2.73436750941958	1.30833281965018	1.56861591791385	0.220740666697899	1.01559293294802
UA001.25.h	13	19	UA001	25	h	nat	nut def	UA001.25.h	78	25	18.6	4.3	n	78	6.44	1.723	4.833	18	17.8	5.6	y	NA	12	17	4.1	16	NA	NA	NA	NA	NA	NA	NA	NA	NA	NA	NA		3.46410161513775	2.83321334405622	1.41098697371026	4.24264068711928	2.87919845729804	1.7227665977411	5	2.92316158071916	1.45861502269952	1.86252854011626	0.544066957545793	1.57546739286295
RU008.16.i	13	20	RU008	16	i	nat	nut def	RU008.16.i	78	18	14.7	4.1	n	78	5.91	1.389	3.6	10	16	3.9	y	NA	15	13.9	2.2	14	NA	NA	NA	NA	NA	NA	NA	NA	NA	NA	NA		3.87298334620742	2.63188884013665	0.78845736036427	3.16227766016838	2.77258872223978	1.3609765531356	4.24264068711928	2.68784749378469	1.41098697371026	1.77664583141801	0.328584063772207	1.28093384546206
RO005.25.c	13	22	RO005	25	c	nat	nut def	RO005.25.c	78	13	14	3.3	n	78	5.51	0.925	1.734	16	16.8	2.9	y	NA	9	10.8	2.1	15	NA	NA	NA	NA	NA	NA	NA	NA	NA	NA	NA		3	2.37954613413017	0.741937344729377	4	2.82137888640921	1.06471073699243	3.60555127546399	2.63905732961526	1.19392246847243	1.70656462316482	-0.0779615414697118	0.55043087835835
RU005.6.f	13	23	RU005	6	f	nat	nut def	RU005.6.f	78	21	20.1	4.4	n	78	6.05	2.454	3.777	16	23.5	4.3	y	NA	10	18.1	4	15	NA	NA	NA	NA	NA	NA	NA	NA	NA	NA	NA		3.16227766016838	2.89591193827178	1.38629436111989	4	3.15700042115011	1.45861502269952	4.58257569495584	3.00071981506503	1.48160454092422	1.80005827204275	0.89771934628872	1.32893004373032
US001.3.a	13	26	US001	3	a	inv	nut def	US001.3.a	78	16	24.7	6.3	n	78	6.98	2.384	7.859	11	24.9	5.2	y	NA	10	16.3	4.4	14	NA	NA	NA	NA	NA	NA	NA	NA	NA	NA	NA		3.16227766016838	2.79116510781272	1.48160454092422	3.3166247903554	3.21486780347066	1.64865862558738	4	3.20680324363393	1.84054963339749	1.94304891677428	0.868779749203103	2.06165937188404
US021.8.k	13	28	US021	8	k	inv	nut def	US021.8.k	78	13	16.7	5.5	n	78	5.6	1.531	3.667	16	16.5	5.6	y	NA	11	9.9	3.5	14	NA	NA	NA	NA	NA	NA	NA	NA	NA	NA	NA		3.3166247903554	2.29253475714054	1.25276296849537	4	2.80336038090653	1.7227665977411	3.60555127546399	2.81540871942271	1.70474809223843	1.7227665977411	0.425921116675547	1.29937388908919
US023.41.e	13	29	US023	41	e	inv	nut def	US023.41.e	78	21	20.6	6.3	n	78	6.05	2.344	6.442	14	20.7	5.7	y	NA	11	16.8	6.5	14	NA	NA	NA	NA	NA	NA	NA	NA	NA	NA	NA		3.3166247903554	2.82137888640921	1.87180217690159	3.74165738677394	3.03013370027132	1.7404661748405	4.58257569495584	3.02529107579554	1.84054963339749	1.80005827204275	0.851858871714766	1.86283905090901
GR003.10.c	13	30	GR003	10	c	nat	nut def	GR003.10.c	78	12	15.6	4.9	n	78	5.95	1.397	2.908	9	19.8	5.3	y	NA	9	16.7	5.2	14	NA	NA	NA	NA	NA	NA	NA	NA	NA	NA	NA		3	2.81540871942271	1.64865862558738	3	2.98568193770049	1.66770682055808	3.46410161513775	2.74727091425549	1.58923520511658	1.78339121955754	0.334327080274825	1.06746555967127
US011.8.a	13	31	US011	8	a	inv	nut def	US011.8.a	78	13	12.6	2.5	n	78	5.28	1.275	3.598	12	17.4	4.6	y	NA	NA	NA	NA	15	NA	NA	NA	NA	NA	NA	NA	NA	NA	NA	NA		NA	NA	NA	3.46410161513775	2.85647020622048	1.52605630349505	3.60555127546399	2.53369681395743	0.916290731874155	1.66392609771817	0.242946178610389	1.28037813552834
US014.16.k	13	32	US014	16	k	inv	nut def	US014.16.k	78	15	16.2	4.1	n	78	5.22	1.528	5.996	14	16.7	3.5	y	NA	9	13	4.2	15	NA	NA	NA	NA	NA	NA	NA	NA	NA	NA	NA		3	2.56494935746154	1.43508452528932	3.74165738677394	2.81540871942271	1.25276296849537	3.87298334620742	2.78501124223834	1.41098697371026	1.65249740189455	0.423959690744329	1.79109258024035
BG001.25.i	13	34	BG001	25	i	nat	nut def	BG001.25.i	78	11	13.3	3.2	n	78	6.54	1.114	3.439	16	17.4	5.6	y	NA	10	14.2	3.6	16	NA	NA	NA	NA	NA	NA	NA	NA	NA	NA	NA		3.16227766016838	2.65324196460721	1.28093384546206	4	2.85647020622048	1.7227665977411	3.3166247903554	2.58776403522771	1.16315080980568	1.87793716546911	0.107957141505092	1.23518073145013
RU001.7.b	13	35	RU001	7	b	nat	nut def	RU001.7.b	78	18	18.6	3.6	n	78	5.62	1.459	2.656	15	19.4	4.6	y	NA	11	13.4	3.5	14	NA	NA	NA	NA	NA	NA	NA	NA	NA	NA	NA		3.3166247903554	2.59525470695687	1.25276296849537	3.87298334620742	2.96527306606928	1.52605630349505	4.24264068711928	2.92316158071916	1.28093384546206	1.7263316639056	0.377751269540649	0.976821231614187
US002.17.b	13	37	US002	17	b	inv	nut def	US002.17.b	78	16	15.2	5.1	n	78	6.42	1.699	5.493	15	15.6	4.4	y	NA	10	12.5	4.2	15	NA	NA	NA	NA	NA	NA	NA	NA	NA	NA	NA		3.16227766016838	2.52572864430826	1.43508452528932	3.87298334620742	2.74727091425549	1.48160454092422	4	2.72129542785223	1.62924053973028	1.85941811770187	0.530039842689795	1.70347455436048
UA004.15.c	13	38	UA004	15	c	nat	nut def	UA004.15.c	78	17	20.5	4.6	n	78	5.82	1.394	5.395	18	21.7	3.6	y	NA	15	14.5	2.1	14	NA	NA	NA	NA	NA	NA	NA	NA	NA	NA	NA		3.87298334620742	2.67414864942653	0.741937344729377	4.24264068711928	3.07731226054641	1.28093384546206	4.12310562561766	3.02042488614436	1.52605630349505	1.76130026174335	0.332177312338332	1.6854725987101
HU001.5.h	13	41	HU001	5	h	nat	nut def	HU001.5.h	78	14	12.8	3.5	n	78	4.54	0.545	2.689	12	13	2.5	y	NA	6	8.8	1.4	15	NA	NA	NA	NA	NA	NA	NA	NA	NA	NA	NA		2.44948974278318	2.17475172148416	0.336472236621213	3.46410161513775	2.56494935746154	0.916290731874155	3.74165738677394	2.54944517092557	1.25276296849537	1.51292701205326	-0.606969484318893	0.989169377286728
GR001.26.e	13	43	GR001	26	e	nat	nut def	GR001.26.e	78	20	16.5	5	n	78	5.25	1.133	4.552	17	16.2	4.3	y	NA	10	13.8	3.6	16	NA	NA	NA	NA	NA	NA	NA	NA	NA	NA	NA		3.16227766016838	2.62466859216316	1.28093384546206	4.12310562561766	2.78501124223834	1.45861502269952	4.47213595499958	2.80336038090653	1.6094379124341	1.65822807660353	0.124868982045869	1.51556669682403
CA008.2.a	13	44	CA008	2	a	inv	nut def	CA008.2.a	78	19	12.1	3.2	n	78	6.11	1.071	3.741	19	12.4	3.8	y	NA	14	11.8	2.7	15	NA	NA	NA	NA	NA	NA	NA	NA	NA	NA	NA		3.74165738677394	2.46809953147162	0.993251773010283	4.35889894354067	2.51769647261099	1.33500106673234	4.35889894354067	2.4932054526027	1.16315080980568	1.8099267731835	0.0685927914656117	1.31935295536601
CA007.1.a	13	46	CA007	1	a	inv	nut def	CA007.1.a	78	19	13.9	4.8	n	78	6.58	1.779	2.897	18	14.4	3.2	y	NA	NA	NA	NA	14	NA	NA	NA	NA	NA	NA	NA	NA	NA	NA	NA		NA	NA	NA	4.24264068711928	2.66722820658195	1.16315080980568	4.35889894354067	2.63188884013665	1.56861591791385	1.88403474533723	0.576051408683698	1.06367571878721
US003.28.j	13	48	US003	28	j	inv	nut def	US003.28.j	78	17	16.1	5.2	n	78	5.98	1.278	8.121	13	17.4	4	y	NA	11	17	3.9	14	NA	NA	NA	NA	NA	NA	NA	NA	NA	NA	NA		3.3166247903554	2.83321334405622	1.3609765531356	3.60555127546399	2.85647020622048	1.38629436111989	4.12310562561766	2.77881927199042	1.64865862558738	1.78842056796254	0.245296355955343	2.09445329930027
RU005.6.b	13	49	RU005	6	b	nat	nut def	RU005.6.b	78	12	16.1	3	n	78	5.53	1.287	2.348	16	15	4	y	NA	NA	NA	NA	14	NA	NA	NA	NA	NA	NA	NA	NA	NA	NA	NA		NA	NA	NA	4	2.70805020110221	1.38629436111989	3.46410161513775	2.77881927199042	1.09861228866811	1.71018781553424	0.25231392861399	0.85356390196585
GR002.17.c	13	50	GR002	17	c	nat	nut def	GR002.17.c	78	18	15.6	3.6	n	78	5.62	0.986	2.809	19	15.9	2	y	NA	12	10.6	1.4	14	NA	NA	NA	NA	NA	NA	NA	NA	NA	NA	NA		3.46410161513775	2.36085400111802	0.336472236621213	4.35889894354067	2.76631910922619	0.693147180559945	4.24264068711928	2.74727091425549	1.28093384546206	1.7263316639056	-0.0140989243795016	1.03282854812211
US001.14.f	2	1	US001	14	f	inv	nut def	US001.14.f	78	15	15.9	3.7	n	78	6.39	1.119	2.541	15	16.4	3.5	y	NA	13	13.2	3.4	14	NA	NA	NA	NA	NA	NA	NA	NA	NA	NA	NA		3.60555127546399	2.58021682959233	1.22377543162212	3.87298334620742	2.79728133483015	1.25276296849537	3.87298334620742	2.76631910922619	1.30833281965018	1.85473426838944	0.112435429329788	0.932557704338027
HU001.14.f	2	2	HU001	14	f	nat	nut def	HU001.14.f	78	18	14.3	5	n	78	4.86	1.21	2.114	18	16	5.1	y	NA	14	15.9	4.9	15	NA	NA	NA	NA	NA	NA	NA	NA	NA	NA	NA		3.74165738677394	2.76631910922619	1.58923520511658	4.24264068711928	2.77258872223978	1.62924053973028	4.24264068711928	2.66025953726586	1.6094379124341	1.5810384379124	0.19062035960865	0.748581887448046
US018.11.f	2	3	US018	11	f	inv	nut def	US018.11.f	78	13	14.1	3	n	78	6.5	0.867	2.261	14	15.1	3.3	y	NA	10	11.9	2.4	14	NA	NA	NA	NA	NA	NA	NA	NA	NA	NA	NA		3.16227766016838	2.47653840011748	0.8754687373539	3.74165738677394	2.71469474382088	1.19392246847243	3.60555127546399	2.64617479738412	1.09861228866811	1.87180217690159	-0.142716302201595	0.815807193295833
UA002.13.c	2	4	UA002	13	c	nat	nut def	UA002.13.c	78	18	14.4	4.5	n	78	6.51	1.23	2.379	16	13.4	4.6	y	NA	NA	NA	NA	15	NA	NA	NA	NA	NA	NA	NA	NA	NA	NA	NA		NA	NA	NA	4	2.59525470695687	1.52605630349505	4.24264068711928	2.66722820658195	1.50407739677627	1.87333945622048	0.207014169384326	0.866680231320821
US013.14.a	2	6	US013	14	a	inv	nut def	US013.14.a	78	9	16.6	5.1	n	78	6.02	1.16	2.366	11	13.8	6.2	y	NA	10	12.6	3.7	14	NA	NA	NA	NA	NA	NA	NA	NA	NA	NA	NA		3.16227766016838	2.53369681395743	1.30833281965018	3.3166247903554	2.62466859216316	1.82454929205105	3	2.8094026953625	1.62924053973028	1.79508725932073	0.148420005118273	0.861200765556195
CA008.6.g	2	7	CA008	6	g	inv	nut def	CA008.6.g	78	15	19.2	3.9	n	78	5.03	1.13	2.148	13	18.4	6.2	y	NA	10	12.6	2.5	16	NA	NA	NA	NA	NA	NA	NA	NA	NA	NA	NA		3.16227766016838	2.53369681395743	0.916290731874155	3.60555127546399	2.91235066461494	1.82454929205105	3.87298334620742	2.95491027903374	1.3609765531356	1.61541998411165	0.122217632724249	0.764537176646618
TR005.9.c	2	9	TR005	9	c	nat	nut def	TR005.9.c	78	7	17.3	3.7	n	78	5.26	0.67	0.789	11	13.2	4.6	y	NA	9	12.5	3.9	16	NA	NA	NA	NA	NA	NA	NA	NA	NA	NA	NA		3	2.52572864430826	1.3609765531356	3.3166247903554	2.58021682959233	1.52605630349505	2.64575131106459	2.85070650150373	1.30833281965018	1.66013102674962	-0.400477566597125	-0.236988958136263
RO005.14.g	2	10	RO005	14	g	nat	nut def	RO005.14.g	78	18	14	4.3	n	78	9.16	1.119	2.511	15	13.7	3.9	y	NA	12	12.6	2.6	16	NA	NA	NA	NA	NA	NA	NA	NA	NA	NA	NA		3.46410161513775	2.53369681395743	0.955511445027436	3.87298334620742	2.61739583283408	1.3609765531356	4.24264068711928	2.63905732961526	1.45861502269952	2.21484617868604	0.112435429329788	0.920681080175448
UA004.7.f	2	12	UA004	7	f	nat	nut def	UA004.7.f	78	28	15.1	3.3	n	78	7.13	1.647	5.185	22	14.1	3.1	y	NA	18	12.6	2.9	14	NA	NA	NA	NA	NA	NA	NA	NA	NA	NA	NA		4.24264068711928	2.53369681395743	1.06471073699243	4.69041575982343	2.64617479738412	1.1314021114911	5.29150262212918	2.71469474382088	1.19392246847243	1.9643112344262	0.498955451195503	1.64576984168149
US021.8.i	2	13	US021	8	i	inv	nut def	US021.8.i	78	16	14.6	3.6	n	78	7.19	2.058	3.142	13	17.1	6.2	y	NA	12	16.5	5.2	14	NA	NA	NA	NA	NA	NA	NA	NA	NA	NA	NA		3.46410161513775	2.80336038090653	1.64865862558738	3.60555127546399	2.83907846350861	1.82454929205105	4	2.68102152871429	1.28093384546206	1.97269117173296	0.721734637411858	1.14485953983343
GR002.25.g	2	14	GR002	25	g	nat	nut def	GR002.25.g	78	11	16.6	3.9	n	78	4.34	0.761	2.114	11	18.7	3.4	y	NA	10	12.6	3.7	15	NA	NA	NA	NA	NA	NA	NA	NA	NA	NA	NA		3.16227766016838	2.53369681395743	1.30833281965018	3.3166247903554	2.92852352386054	1.22377543162212	3.3166247903554	2.8094026953625	1.3609765531356	1.46787434811231	-0.273121921120451	0.748581887448046
TR001.1.f	2	15	TR001	1	f	nat	nut def	TR001.1.f	78	11	25.6	7.3	n	78	5.83	1.344	2.609	12	25.4	7.2	y	NA	11	19.3	5.3	14	NA	NA	NA	NA	NA	NA	NA	NA	NA	NA	NA		3.3166247903554	2.96010509591084	1.66770682055808	3.46410161513775	3.23474917402449	1.97408102602201	3.3166247903554	3.24259235148552	1.98787434815435	1.7630170003624	0.295650242100958	0.958967006154591
GR003.12.b	2	16	GR003	12	b	nat	nut def	GR003.12.b	78	15	17.7	4.3	n	78	5.44	1.006	1.644	14	17.4	4.3	y	NA	8	14.5	2.4	16	NA	NA	NA	NA	NA	NA	NA	NA	NA	NA	NA		2.82842712474619	2.67414864942653	0.8754687373539	3.74165738677394	2.85647020622048	1.45861502269952	3.87298334620742	2.87356463957978	1.45861502269952	1.69377906086785	0.00598207167754747	0.497132296633988
RO004.21.a	2	17	RO004	21	a	nat	nut def	RO004.21.a	78	16	15.4	3.5	n	78	6.98	1.421	1.814	17	15.5	3.6	y	NA	11	13.5	2.5	NA	NA	NA	NA	NA	NA	NA	NA	NA	NA	NA	NA		3.3166247903554	2.60268968544438	0.916290731874155	4.12310562561766	2.7408400239252	1.28093384546206	4	2.73436750941958	1.25276296849537	1.94304891677428	0.351360849114964	0.595534351692945
RO001.13.h	2	18	RO001	13	h	nat	nut def	RO001.13.h	78	20	16.4	4.7	n	78	6.28	1.496	3.476	14	17.2	3.9	y	NA	10	13.7	2.7	NA	NA	NA	NA	NA	NA	NA	NA	NA	NA	NA	NA		3.16227766016838	2.61739583283408	0.993251773010283	3.74165738677394	2.84490938381941	1.3609765531356	4.47213595499958	2.79728133483015	1.54756250871601	1.83736998048011	0.402794879552285	1.24588220740315
RU008.17.d	2	19	RU008	17	d	nat	nut def	RU008.17.d	78	13	19.1	7.4	n	78	5.06	1.458	2.508	13	20.7	5.4	y	NA	10	15.4	5.9	15	NA	NA	NA	NA	NA	NA	NA	NA	NA	NA	NA		3.16227766016838	2.73436750941958	1.77495235091167	3.60555127546399	3.03013370027132	1.68639895357023	3.60555127546399	2.94968833505258	2.00148000021012	1.62136648329937	0.377065633586466	0.919485622770674
CA001.6.k	2	20	CA001	6	k	inv	nut def	CA001.6.k	78	14	20.7	3.7	n	78	6.1	1.304	2.757	11	21.9	5.5	y	NA	11	21.9	5.2	14	NA	NA	NA	NA	NA	NA	NA	NA	NA	NA	NA		3.3166247903554	3.08648663682246	1.64865862558738	3.3166247903554	3.08648663682246	1.70474809223843	3.74165738677394	3.03013370027132	1.30833281965018	1.80828877117927	0.265436463504461	1.01414313204166
RO002.22.j	2	21	RO002	22	j	nat	nut def	RO002.22.j	78	15	13.3	5.2	n	78	6.21	1.322	2.685	14	14.4	4.4	y	NA	9	13.2	3.8	14	NA	NA	NA	NA	NA	NA	NA	NA	NA	NA	NA		3	2.58021682959233	1.33500106673234	3.74165738677394	2.66722820658195	1.48160454092422	3.87298334620742	2.58776403522771	1.64865862558738	1.82616089594539	0.279145741429495	0.987680727960828
UA001.22.a	2	24	UA001	22	a	nat	nut def	UA001.22.a	78	23	18.2	4.9	n	78	5.45	1.498	2.537	17	18.4	5.8	y	NA	9	15.1	4.3	14	NA	NA	NA	NA	NA	NA	NA	NA	NA	NA	NA		3	2.71469474382088	1.45861502269952	4.12310562561766	2.91235066461494	1.75785791755237	4.79583152331272	2.90142159408275	1.58923520511658	1.69561560867515	0.404130885095028	0.930982280617145
CA007.3.c	2	25	CA007	3	c	inv	nut def	CA007.3.c	78	18	14.6	5	n	78	6.97	1.195	2.704	11	15	4.6	y	NA	9	14.5	4.6	14	NA	NA	NA	NA	NA	NA	NA	NA	NA	NA	NA		3	2.67414864942653	1.52605630349505	3.3166247903554	2.70805020110221	1.52605630349505	4.24264068711928	2.68102152871429	1.6094379124341	1.94161522477243	0.178146185383474	0.994732158180718
US003.28.h	2	26	US003	28	h	inv	nut def	US003.28.h	78	20	18.1	3.6	n	78	6.13	2.082	2.912	13	23.3	6.2	y	NA	11	19.5	5.4	14	NA	NA	NA	NA	NA	NA	NA	NA	NA	NA	NA		3.3166247903554	2.9704144655697	1.68639895357023	3.60555127546399	3.14845336057165	1.82454929205105	4.47213595499958	2.89591193827178	1.28093384546206	1.81319474994812	0.733328970192777	1.06884013033444
US014.22.b	2	27	US014	22	b	inv	nut def	US014.22.b	78	16	17.3	4.7	n	78	5.12	1.772	5.431	12	17.3	3.8	y	NA	9	16.5	3.6	14	NA	NA	NA	NA	NA	NA	NA	NA	NA	NA	NA		3	2.80336038090653	1.28093384546206	3.46410161513775	2.85070650150373	1.33500106673234	4	2.85070650150373	1.54756250871601	1.63315443905142	0.572108852182889	1.69212327905271
US023.45.a	2	28	US023	45	a	inv	nut def	US023.45.a	78	14	16	4.7	n	78	5.06	1.298	3.418	12	17.7	5	y	NA	11	12.9	3.2	14	NA	NA	NA	NA	NA	NA	NA	NA	NA	NA	NA		3.3166247903554	2.55722731136763	1.16315080980568	3.46410161513775	2.87356463957978	1.6094379124341	3.74165738677394	2.77258872223978	1.54756250871601	1.62136648329937	0.260824618281898	1.2290555846934
US015.2.a	2	30	US015	2	a	inv	nut def	US015.2.a	78	17	16.8	4.8	n	78	5.48	1.283	4.245	16	16.9	5.6	n	NA	NA	NA	NA	NA	NA	NA	NA	NA	NA	NA	NA	NA	NA	NA	NA		NA	NA	NA	4	2.82731362192903	1.7227665977411	4.12310562561766	2.82137888640921	1.56861591791385	1.70110510095992	0.249201085633499	1.44574181976331
BG001.22.c	2	31	BG001	22	c	nat	nut def	BG001.22.c	78	15	13.9	3.2	n	78	6.52	1.031	2.129	18	14.6	3.5	y	NA	12	10.9	2.4	16	NA	NA	NA	NA	NA	NA	NA	NA	NA	NA	NA		3.46410161513775	2.3887627892351	0.8754687373539	4.24264068711928	2.68102152871429	1.25276296849537	3.87298334620742	2.63188884013665	1.16315080980568	1.87487437593856	0.0305292050348228	0.755652385911342
GR001.6.c	2	32	GR001	6	c	nat	nut def	GR001.6.c	78	8	17.2	7.2	y	78	7.13	3.269	5.618	10	17	4.7	y	2	9	15.1	5.3	14	18	18	1	2	38	1	26	69	1	28	69	white	3	2.71469474382088	1.66770682055808	3.16227766016838	2.83321334405622	1.54756250871601	2.82842712474619	2.84490938381941	1.97408102602201	1.9643112344262	1.18448412774207	1.72597572868205
TR003.6.d	2	33	TR003	6	d	nat	nut def	TR003.6.d	78	9	14.3	4.6	y	78	4.12	0.704	1.275	16	16.8	5.2	y	NA	11	13.7	4.4	14	NA	NA	NA	NA	NA	NA	NA	NA	NA	NA	NA		3.3166247903554	2.61739583283408	1.48160454092422	4	2.82137888640921	1.64865862558738	3	2.66025953726586	1.52605630349505	1.41585316336144	-0.350976922824095	0.242946178610389
RU005.6.a	2	35	RU005	6	a	nat	nut def	RU005.6.a	78	19	14.1	4.5	n	78	5.67	1.162	2.54	17	15.9	3.7	y	NA	11	11.2	2.4	14	NA	NA	NA	NA	NA	NA	NA	NA	NA	NA	NA		3.3166247903554	2.41591377830105	0.8754687373539	4.12310562561766	2.76631910922619	1.30833281965018	4.35889894354067	2.64617479738412	1.50407739677627	1.73518911773966	0.150142658429719	0.932164081030445
RU001.10.a	2	38	RU001	10	a	nat	nut def	RU001.10.a	78	15	16.1	5.2	n	78	4.57	1.262	1.872	9	16.4	4.9	y	NA	9	13.5	3.5	14	NA	NA	NA	NA	NA	NA	NA	NA	NA	NA	NA		3	2.60268968544438	1.25276296849537	3	2.79728133483015	1.58923520511658	3.87298334620742	2.77881927199042	1.64865862558738	1.51951320490611	0.232697764119021	0.6270073780554
US002.1.l	2	39	US002	1	l	inv	nut def	US002.1.l	78	26	15.5	5.2	n	78	5.63	1.822	3.571	19	15.8	3.6	y	NA	14	15.5	2.3	14	NA	NA	NA	NA	NA	NA	NA	NA	NA	NA	NA		3.74165738677394	2.7408400239252	0.832909122935104	4.35889894354067	2.76000994003292	1.28093384546206	5.09901951359278	2.7408400239252	1.64865862558738	1.7281094421516	0.599934798837767	1.27284566861231
UA003.9A.c	2	41	UA003	9A	c	nat	nut def	UA003.9A.c	78	12	14.3	3.1	n	78	5.73	1.1	3.008	12	14.2	4.3	y	NA	11	10.1	3.5	14	NA	NA	NA	NA	NA	NA	NA	NA	NA	NA	NA		3.3166247903554	2.31253542384721	1.25276296849537	3.46410161513775	2.65324196460721	1.45861502269952	3.46410161513775	2.66025953726586	1.1314021114911	1.74571553072665	0.0953101798043249	1.10127540608759
US011.8.d	2	42	US011	8	d	inv	nut def	US011.8.d	78	21	14.9	4.1	n	78	5.81	1.095	2.871	13	15.7	3.8	y	NA	12	12.9	2.4	15	NA	NA	NA	NA	NA	NA	NA	NA	NA	NA	NA		3.46410161513775	2.55722731136763	0.8754687373539	3.60555127546399	2.75366071235426	1.33500106673234	4.58257569495584	2.70136121295141	1.41098697371026	1.75958057086382	0.0907543632684641	1.05466040113893
UA006.10.c	2	43	UA006	10	c	nat	nut def	UA006.10.c	78	21	13.5	3.2	n	78	5.39	1.254	2.87	12	15.6	4.7	y	NA	11	15.6	3.4	14	NA	NA	NA	NA	NA	NA	NA	NA	NA	NA	NA		3.3166247903554	2.74727091425549	1.22377543162212	3.46410161513775	2.74727091425549	1.54756250871601	4.58257569495584	2.60268968544438	1.16315080980568	1.68454538492091	0.226338442210729	1.05431202977153
RO003.11.d	2	44	RO003	11	d	nat	nut def	RO003.11.d	78	14	10.5	3.4	n	78	5.11	0.822	1.489	11	11.5	3.8	y	NA	8	10.9	3.4	14	NA	NA	NA	NA	NA	NA	NA	NA	NA	NA	NA		2.82842712474619	2.3887627892351	1.22377543162212	3.3166247903554	2.4423470353692	1.33500106673234	3.74165738677394	2.35137525716348	1.22377543162212	1.63119940421561	-0.196014883925957	0.398104753701872
US022.42.h	2	47	US022	42	h	inv	nut def	US022.42.h	78	14	13.3	2.6	n	78	5.69	1.177	2.64	12	11.4	3.5	y	NA	9	12.8	2.5	14	NA	NA	NA	NA	NA	NA	NA	NA	NA	NA	NA		3	2.54944517092557	0.916290731874155	3.46410161513775	2.43361335540045	1.25276296849537	3.74165738677394	2.58776403522771	0.955511445027436	1.73871024813824	0.16296882827814	0.970778917158225
UA008.18.f	2	50	UA008	18	f	nat	nut def	UA008.18.f	78	12	14.6	2.1	n	78	4.66	0.835	2.618	11	14.8	3.8	y	NA	7	10.1	2.8	15	NA	NA	NA	NA	NA	NA	NA	NA	NA	NA	NA		2.64575131106459	2.31253542384721	1.02961941718116	3.3166247903554	2.69462718077007	1.33500106673234	3.46410161513775	2.68102152871429	0.741937344729377	1.53901544813755	-0.180323554131282	0.962410667487708
TR004.8.e	20	1	TR004	8	e	nat	nut def	TR004.8.e	80	17	14.9	3.3	n	90	3.96	1.031	1.754	13	12.6	1.4	y	NA	10	11.2	3	NA	NA	NA	NA	NA	NA	NA	NA	NA	NA	NA	NA		3.16227766016838	2.41591377830105	1.09861228866811	3.60555127546399	2.53369681395743	0.336472236621213	4.12310562561766	2.70136121295141	1.19392246847243	1.37624402526639	0.0305292050348228	0.561898893949991
US018.5.d	20	3	US018	5	d	inv	nut def	US018.5.d	80	12	10.3	1.3	n	90	5.29	0.654	1.592	12	17.1	3.6	y	NA	NA	NA	NA	NA	NA	NA	NA	NA	NA	NA	NA	NA	NA	NA	NA		NA	NA	NA	3.46410161513775	2.83907846350861	1.28093384546206	3.46410161513775	2.33214389523559	0.262364264467491	1.66581824587021	-0.424647927524938	0.464991087422191
CA007.2.b	20	4	CA007	2	b	inv	nut def	CA007.2.b	80	18	14.7	4.1	n	80	6.43	1.217	2.649	13	15.2	4.3	n	NA	10	13	3	NA	NA	NA	NA	NA	NA	NA	NA	NA	NA	NA	NA	NA	3.16227766016838	2.56494935746154	1.09861228866811	3.60555127546399	2.72129542785223	1.45861502269952	4.24264068711928	2.68784749378469	1.41098697371026	1.86097453824953	0.19638881400539	0.974182210289933
GR001.26.i	20	6	GR001	26	i	nat	nut def	GR001.26.i	80	19	15.5	3.2	n	90	4.62	0.885	1.532	17	14.2	2.8	n	NA	6	12.3	1.4	NA	NA	NA	NA	NA	NA	NA	NA	NA	NA	NA	NA		2.44948974278318	2.50959926237837	0.336472236621213	4.12310562561766	2.65324196460721	1.02961941718116	4.35889894354067	2.7408400239252	1.16315080980568	1.53039470509365	-0.122167633974208	0.4265740713184
RO004.21.h	20	7	RO004	21	h	nat	nut def	RO004.21.h	80	15	16.4	2.3	n	90	6.91	1.214	2.182	17	14.4	3.3	y	NA	12	14	3.2	NA	NA	NA	NA	NA	NA	NA	NA	NA	NA	NA	NA		3.46410161513775	2.63905732961526	1.16315080980568	4.12310562561766	2.66722820658195	1.19392246847243	3.87298334620742	2.79728133483015	0.832909122935104	1.93296963777958	0.193920692637306	0.780241887410879
RU002.5.c	20	8	RU002	5	c	nat	nut def	RU002.5.c	80	20	15.7	2.6	n	90	5.36	1.095	2.567	18	14.5	3.9	y	NA	10	11.1	3.2	NA	NA	NA	NA	NA	NA	NA	NA	NA	NA	NA	NA		3.16227766016838	2.40694510831829	1.16315080980568	4.24264068711928	2.67414864942653	1.3609765531356	4.47213595499958	2.75366071235426	0.955511445027436	1.67896397508271	0.0907543632684641	0.942737901889003
RO001.13.c	20	12	RO001	13	c	nat	nut def	RO001.13.c	80	24	15	4.4	n	90	6.04	1.025	3.205	16	15.3	4.9	y	NA	12	12.5	3.1	NA	NA	NA	NA	NA	NA	NA	NA	NA	NA	NA	NA		3.46410161513775	2.52572864430826	1.1314021114911	4	2.72785282839839	1.58923520511658	4.89897948556636	2.70805020110221	1.48160454092422	1.79840401194672	0.0246926125903714	1.16471209037263
UA005.3.c	20	16	UA005	3	c	nat	nut def	UA005.3.c	80	15	20.4	4.6	n	80	5.51	1.871	3.227	13	22.5	4.5	y	NA	9	18.2	4.4	NA	NA	NA	NA	NA	NA	NA	NA	NA	NA	NA	NA		3	2.90142159408275	1.48160454092422	3.60555127546399	3.11351530921037	1.50407739677627	3.87298334620742	3.01553490085017	1.52605630349505	1.70656462316482	0.626473047291953	1.17155291306982
RU008.21.f	20	18	RU008	21	f	nat	nut def	RU008.21.f	80	18	19.7	3.6	n	80	6.05	1.732	2.906	16	22.7	4.1	n	NA	13	21.2	4	NA	NA	NA	NA	NA	NA	NA	NA	NA	NA	NA	NA		3.60555127546399	3.05400118167797	1.38629436111989	4	3.12236492448736	1.41098697371026	4.24264068711928	2.98061863574394	1.28093384546206	1.80005827204275	0.549276810140243	1.06677756514809
US015.2.d	20	19	US015	2	d	inv	nut def	US015.2.d	80	20	15.5	4.8	n	80	5.45	1.618	4.278	16	17.2	5.3	y	NA	10	15	5.2	NA	NA	NA	NA	NA	NA	NA	NA	NA	NA	NA	NA		3.16227766016838	2.70805020110221	1.64865862558738	4	2.84490938381941	1.66770682055808	4.47213595499958	2.7408400239252	1.56861591791385	1.69561560867515	0.4811908186363	1.45348561066021
CA001.7.b	20	20	CA001	7	b	inv	nut def	CA001.7.b	80	16	15.8	3.6	n	80	4.76	1.738	4.295	8	22.6	6	y	NA	10	20.8	5.3	NA	NA	NA	NA	NA	NA	NA	NA	NA	NA	NA	NA		3.16227766016838	3.03495298670727	1.66770682055808	2.82842712474619	3.11794990627824	1.79175946922805	4	2.76000994003292	1.28093384546206	1.56024766824333	0.5527350268432	1.45745155543622
RO005.14.d	20	21	RO005	14	d	nat	nut def	RO005.14.d	80	15	13.1	3.7	n	80	5.77	1.237	3.301	13	16.5	4.1	y	NA	9	13.9	3.8	NA	NA	NA	NA	NA	NA	NA	NA	NA	NA	NA	NA		3	2.63188884013665	1.33500106673234	3.60555127546399	2.80336038090653	1.41098697371026	3.87298334620742	2.57261223020711	1.30833281965018	1.75267208052001	0.212689093410351	1.19422545287106
UA001.19.a	20	23	UA001	19	a	nat	nut def	UA001.19.a	80	24	15.8	4	n	80	4.71	1.44	2.709	16	15.6	4.6	y	NA	7	11.1	4.2	NA	NA	NA	NA	NA	NA	NA	NA	NA	NA	NA	NA		2.64575131106459	2.40694510831829	1.43508452528932	4	2.74727091425549	1.52605630349505	4.89897948556636	2.76000994003292	1.38629436111989	1.54968790802833	0.364643113587909	0.996579563102958
RO002.18.e	20	24	RO002	18	e	nat	nut def	RO002.18.e	80	12	13.1	3.8	n	80	5.08	1.172	1.656	11	17.6	4.3	y	NA	6	10.6	2.4	NA	NA	NA	NA	NA	NA	NA	NA	NA	NA	NA	NA		2.44948974278318	2.36085400111802	0.8754687373539	3.3166247903554	2.86789890204411	1.45861502269952	3.46410161513775	2.57261223020711	1.33500106673234	1.62531126159039	0.158711691154821	0.504405055963068
GR002.2.c	20	26	GR002	2	c	nat	nut def	GR002.2.c	80	20	17.6	3.3	n	80	7.96	1.927	3.367	19	17.8	3.1	y	NA	11	16.4	3.3	NA	NA	NA	NA	NA	NA	NA	NA	NA	NA	NA	NA		3.3166247903554	2.79728133483015	1.19392246847243	4.35889894354067	2.87919845729804	1.1314021114911	4.47213595499958	2.86789890204411	1.19392246847243	2.07442899985629	0.655964389432229	1.21402214017894
US001.3.b	20	27	US001	3	b	inv	nut def	US001.3.b	80	18	20.1	4.9	n	80	5.86	1.651	3.342	16	20.4	3.8	y	NA	12	15.3	3	NA	NA	NA	NA	NA	NA	NA	NA	NA	NA	NA	NA		3.46410161513775	2.72785282839839	1.09861228866811	4	3.01553490085017	1.33500106673234	4.24264068711928	3.00071981506503	1.58923520511658	1.76814960358892	0.501381164937991	1.2065694301732
US003.28.i	20	28	US003	28	i	inv	nut def	US003.28.i	80	19	21.4	4.7	n	80	4.64	1.945	5.203	13	23.2	3.9	y	NA	10	17.3	4.8	NA	NA	NA	NA	NA	NA	NA	NA	NA	NA	NA	NA		3.16227766016838	2.85070650150373	1.56861591791385	3.60555127546399	3.14415227867226	1.3609765531356	4.35889894354067	3.06339092202781	1.54756250871601	1.53471436623816	0.66526197707041	1.64923538230817
RO003.4.d	20	30	RO003	4	d	nat	nut def	RO003.4.d	80	16	14.1	4	n	80	6.23	1.098	1.587	11	18	3.2	y	NA	10	12.7	3.4	NA	NA	NA	NA	NA	NA	NA	NA	NA	NA	NA	NA		3.16227766016838	2.54160199346455	1.22377543162212	3.3166247903554	2.89037175789616	1.16315080980568	4	2.64617479738412	1.38629436111989	1.82937633279936	0.093490343087339	0.461845441544272
RU003.7.a	20	31	RU003	7	a	nat	nut def	RU003.7.a	80	20	14.3	4.2	n	80	4.92	1.071	1.949	35	15.1	4.1	y	NA	7	12.9	3	NA	NA	NA	NA	NA	NA	NA	NA	NA	NA	NA	NA		2.64575131106459	2.55722731136763	1.09861228866811	5.91607978309962	2.71469474382088	1.41098697371026	4.47213595499958	2.66025953726586	1.43508452528932	1.59330853050422	0.0685927914656117	0.667316420525424
US022.17.f	20	32	US022	17	f	inv	nut def	US022.17.f	80	16	11.9	3.2	n	80	5.4	1.093	3.042	19	15.8	3.6	y	NA	14	11.8	2.5	NA	NA	NA	NA	NA	NA	NA	NA	NA	NA	NA	NA		3.74165738677394	2.46809953147162	0.916290731874155	4.35889894354067	2.76000994003292	1.28093384546206	4	2.47653840011748	1.16315080980568	1.68639895357023	0.0889262091944015	1.1125151938371
UA007.20.d	20	33	UA007	20	d	nat	nut def	UA007.20.d	80	12	16.6	3.5	n	80	5.71	1.131	2.961	10	18.3	3.7	n	NA	6	13.6	2.2	NA	NA	NA	NA	NA	NA	NA	NA	NA	NA	NA	NA	NA	2.44948974278318	2.61006979274201	0.78845736036427	3.16227766016838	2.90690105984738	1.30833281965018	3.46410161513775	2.8094026953625	1.25276296849537	1.74221902366792	0.123102197133983	1.08552704911945
UA004.18.d	20	36	UA004	18	d	nat	nut def	UA004.18.d	80	15	17	3.8	n	80	4.55	1.331	2.113	13	20.1	4.3	y	NA	11	15	3.2	NA	NA	NA	NA	NA	NA	NA	NA	NA	NA	NA	NA		3.3166247903554	2.70805020110221	1.16315080980568	3.60555127546399	3.00071981506503	1.45861502269952	3.87298334620742	2.83321334405622	1.33500106673234	1.51512723296286	0.285930539412975	0.74810873863392
UA003.11A.f	20	37	UA003	11A	f	nat	nut def	UA003.11A.f	80	11	17.9	5.1	n	80	5.25	1.384	2.42	11	23.2	3.5	n	NA	10	17.1	3.5	NA	NA	NA	NA	NA	NA	NA	NA	NA	NA	NA	NA		3.16227766016838	2.83907846350861	1.25276296849537	3.3166247903554	3.14415227867226	1.25276296849537	3.3166247903554	2.88480071284671	1.62924053973028	1.65822807660353	0.324977857195478	0.883767540168595
BG001.17.c	20	38	BG001	17	c	nat	nut def	BG001.17.c	80	11	14.6	3.8	n	80	5.82	1.1	2.353	17	15.4	4.3	n	NA	11	13	3.3	NA	NA	NA	NA	NA	NA	NA	NA	NA	NA	NA	NA		3.3166247903554	2.56494935746154	1.19392246847243	4.12310562561766	2.73436750941958	1.45861502269952	3.3166247903554	2.68102152871429	1.33500106673234	1.76130026174335	0.0953101798043249	0.855691109745226
RU004.7.e	20	40	RU004	7	e	nat	nut def	RU004.7.e	80	19	11.5	1.8	n	80	6.03	1.106	4.303	15	15.1	3.2	y	NA	11	12	2.1	NA	NA	NA	NA	NA	NA	NA	NA	NA	NA	NA	NA		3.3166247903554	2.484906649788	0.741937344729377	3.87298334620742	2.71469474382088	1.16315080980568	4.35889894354067	2.4423470353692	0.587786664902119	1.79674701073909	0.100749903100143	1.45931245385646
GR003.9.i	20	41	GR003	9	i	nat	nut def	GR003.9.i	80	15	22.1	4.9	n	80	6.44	1.373	2.869	10	21.7	4.1	n	NA	8	17	4.2	NA	NA	NA	NA	NA	NA	NA	NA	NA	NA	NA	NA		2.82842712474619	2.83321334405622	1.43508452528932	3.16227766016838	3.07731226054641	1.41098697371026	3.87298334620742	3.09557760852371	1.58923520511658	1.86252854011626	0.316998126785834	1.05396353699923
US023.41.f	20	42	US023	41	f	inv	nut def	US023.41.f	80	27	13.3	1.9	n	80	5.93	1.09	1.602	29	14.4	2.8	n	NA	12	13.8	2	NA	NA	NA	NA	NA	NA	NA	NA	NA	NA	NA	NA		3.46410161513775	2.62466859216316	0.693147180559945	5.3851648071345	2.66722820658195	1.02961941718116	5.19615242270663	2.58776403522771	0.641853886172395	1.78002421300963	0.0861776962410524	0.471252848646168
TR001.1.h	20	43	TR001	1	h	nat	nut def	TR001.1.h	80	15	15.2	2.1	n	80	6.69	1.55	2.908	13	20.2	3.1	y	NA	12	16.2	2.8	NA	NA	NA	NA	NA	NA	NA	NA	NA	NA	NA	NA		3.46410161513775	2.78501124223834	1.02961941718116	3.60555127546399	3.00568260440716	1.1314021114911	3.87298334620742	2.72129542785223	0.741937344729377	1.90061387414014	0.438254930931155	1.06746555967127
US014.22.f	20	44	US014	22	f	inv	nut def	US014.22.f	80	17	16.6	4.3	n	80	4.86	1.49	3.529	9	17.4	4	y	NA	9	16	4.7	NA	NA	NA	NA	NA	NA	NA	NA	NA	NA	NA	NA		3	2.77258872223978	1.54756250871601	3	2.85647020622048	1.38629436111989	4.12310562561766	2.8094026953625	1.45861502269952	1.5810384379124	0.398776119957368	1.26101454469313
RU001.6.b	20	45	RU001	6	b	nat	nut def	RU001.6.b	80	15	17.7	5.2	n	80	6.9	1.161	3.41	14	19.3	2.8	y	NA	12	15.3	3.9	NA	NA	NA	NA	NA	NA	NA	NA	NA	NA	NA	NA		3.46410161513775	2.72785282839839	1.3609765531356	3.74165738677394	2.96010509591084	1.02961941718116	3.87298334620742	2.87356463957978	1.64865862558738	1.93152141160321	0.149281702715754	1.22671229129543
US002.1.d	20	47	US002	1	d	inv	nut def	US002.1.d	80	22	14.8	4.7	n	80	6.56	2.028	3.604	18	16.6	4.2	y	NA	13	15.3	2.9	NA	NA	NA	NA	NA	NA	NA	NA	NA	NA	NA	NA		3.60555127546399	2.72785282839839	1.06471073699243	4.24264068711928	2.8094026953625	1.43508452528932	4.69041575982343	2.69462718077007	1.54756250871601	1.880990602956	0.707050085728937	1.28204433974609
TR003.14.d	20	48	TR003	14	d	nat	nut def	TR003.14.d	80	11	13.8	3.7	n	80	4.04	0.584	2.25	14	28	3.1	y	NA	9	11.4	2.8	NA	NA	NA	NA	NA	NA	NA	NA	NA	NA	NA	NA		3	2.43361335540045	1.02961941718116	3.74165738677394	3.3322045101752	1.1314021114911	3.3166247903554	2.62466859216316	1.30833281965018	1.39624469197306	-0.53785429615391	0.810930216216329
HU001.13.e	20	49	HU001	13	e	nat	nut def	HU001.13.e	80	16	15.9	4.1	n	80	6.06	1.336	1.197	14	17.4	4.2	y	NA	8	14	3.1	NA	NA	NA	NA	NA	NA	NA	NA	NA	NA	NA	NA		2.82842712474619	2.63905732961526	1.1314021114911	3.74165738677394	2.85647020622048	1.43508452528932	4	2.76631910922619	1.41098697371026	1.80170980008122	0.289680075114454	0.179818426575836
TR003.24.i	26	1	TR003	24	i	nat	nut def	TR003.24.i	80	11	12.2	2.5	n	80	4.29	0.639	1.398	11	12.5	4	y	NA	7	9.4	2.4	15	NA	NA	NA	NA	NA	NA	NA	NA	NA	NA	NA		2.64575131106459	2.24070968927596	0.8754687373539	3.3166247903554	2.52572864430826	1.38629436111989	3.3166247903554	2.50143595173921	0.916290731874155	1.45628673293993	-0.447850824604602	0.335042643811618
US001.3.e	26	4	US001	3	e	inv	nut def	US001.3.e	80	11	15.8	3.6	n	80	3.71	0.668	0.989	11	15.5	2.2	y	NA	6	10.7	1.5	15	NA	NA	NA	NA	NA	NA	NA	NA	NA	NA	NA		2.44948974278318	2.37024374146786	0.405465108108164	3.3166247903554	2.7408400239252	0.78845736036427	3.3166247903554	2.76000994003292	1.28093384546206	1.31103187661934	-0.403467105445491	-0.0110609473594249
US022.23.i	26	5	US022	23	i	inv	nut def	US022.23.i	80	16	17.2	2.6	n	80	4.5	0.988	2.105	14	17.2	2.4	y	NA	8	13.4	2.3	14	NA	NA	NA	NA	NA	NA	NA	NA	NA	NA	NA		2.82842712474619	2.59525470695687	0.832909122935104	3.74165738677394	2.84490938381941	0.8754687373539	4	2.84490938381941	0.955511445027436	1.50407739677627	-0.0120725812342692	0.744315467134345
RO003.15.g	26	7	RO003	15	g	nat	nut def	RO003.15.g	80	18	15.5	4.9	n	80	6.23	1.525	3.288	13	14.5	4.2	y	NA	11	12.6	3.6	16	NA	NA	NA	NA	NA	NA	NA	NA	NA	NA	NA		3.3166247903554	2.53369681395743	1.28093384546206	3.60555127546399	2.67414864942653	1.43508452528932	4.24264068711928	2.7408400239252	1.58923520511658	1.82937633279936	0.421994410059375	1.19027947719393
RU001.9.b	26	9	RU001	9	b	nat	nut def	RU001.9.b	80	14	15.1	3.7	n	80	5.04	1.029	2.279	15	14.5	3.4	y	NA	8	10.2	3.5	15	NA	NA	NA	NA	NA	NA	NA	NA	NA	NA	NA		2.82842712474619	2.32238772029023	1.25276296849537	3.87298334620742	2.67414864942653	1.22377543162212	3.74165738677394	2.71469474382088	1.30833281965018	1.61740608208328	0.0285874568519125	0.823736750263547
RU002.1.c	26	12	RU002	1	c	nat	nut def	RU002.1.c	80	19	15	3.3	n	80	5.65	1.469	4.472	16	15	3.6	y	NA	11	11.9	2.6	15	NA	NA	NA	NA	NA	NA	NA	NA	NA	NA	NA		3.3166247903554	2.47653840011748	0.955511445027436	4	2.70805020110221	1.28093384546206	4.35889894354067	2.70805020110221	1.19392246847243	1.73165554515835	0.38458189719174	1.4978357358528
UA003.8.c	26	13	UA003	8	c	nat	nut def	UA003.8.c	80	10	17.3	2.7	n	80	3.82	0.935	1.562	12	23.1	2.6	y	NA	11	14.9	1.4	14	NA	NA	NA	NA	NA	NA	NA	NA	NA	NA	NA		3.3166247903554	2.70136121295141	0.336472236621213	3.46410161513775	3.13983261752775	0.955511445027436	3.16227766016838	2.85070650150373	0.993251773010283	1.34025042261848	-0.06720874969345	0.445967051417494
RO002.15.d	26	14	RO002	15	d	nat	nut def	RO002.15.d	80	20	13.6	3.8	n	80	5.06	1.342	2.691	17	15.8	2.8	y	NA	12	14.2	3.9	14	NA	NA	NA	NA	NA	NA	NA	NA	NA	NA	NA		3.46410161513775	2.65324196460721	1.3609765531356	4.12310562561766	2.76000994003292	1.02961941718116	4.47213595499958	2.61006979274201	1.33500106673234	1.62136648329937	0.29416103854949	0.989912871744769
RU008.16.c	26	15	RU008	16	c	nat	nut def	RU008.16.c	80	13	16.6	4.3	n	80	5.01	1.148	2.81	10	17	3.8	y	NA	9	13.7	3.5	15	NA	NA	NA	NA	NA	NA	NA	NA	NA	NA	NA		3	2.61739583283408	1.25276296849537	3.16227766016838	2.83321334405622	1.33500106673234	3.60555127546399	2.8094026953625	1.45861502269952	1.61143591509677	0.138021297897375	1.03318448334565
US002.24.c	26	16	US002	24	c	inv	nut def	US002.24.c	80	19	18.9	4.7	n	80	5.47	1.288	3.113	16	18.6	4.9	y	NA	12	14.7	3.1	14	NA	NA	NA	NA	NA	NA	NA	NA	NA	NA	NA		3.46410161513775	2.68784749378469	1.1314021114911	4	2.92316158071916	1.58923520511658	4.35889894354067	2.9391619220656	1.54756250871601	1.69927861643389	0.253090627682162	1.13558689145947
RO005.14.j	26	17	RO005	14	j	nat	nut def	RO005.14.j	80	19	16.1	4.5	n	80	6	1.359	2.989	12	19.9	4	y	NA	9	16	3.3	14	NA	NA	NA	NA	NA	NA	NA	NA	NA	NA	NA		3	2.77258872223978	1.19392246847243	3.46410161513775	2.99071973173045	1.38629436111989	4.35889894354067	2.77881927199042	1.50407739677627	1.79175946922805	0.306749135169007	1.0949388833018
UA006.14.a	26	18	UA006	14	a	nat	nut def	UA006.14.a	80	13	16.7	3.7	n	80	7.07	1.346	2.476	12	18.1	3.8	y	NA	11	17.7	3.4	14	NA	NA	NA	NA	NA	NA	NA	NA	NA	NA	NA		3.3166247903554	2.87356463957978	1.22377543162212	3.46410161513775	2.89591193827178	1.33500106673234	3.60555127546399	2.81540871942271	1.30833281965018	1.95586047990848	0.297137231222536	0.90664435482235
RU005.7.e	26	19	RU005	7	e	nat	nut def	RU005.7.e	80	19	17.1	3.9	n	80	3.81	0.917	1.937	16	17.1	3.7	y	NA	13	14.8	3.3	15	NA	NA	NA	NA	NA	NA	NA	NA	NA	NA	NA		3.60555127546399	2.69462718077007	1.19392246847243	4	2.83907846350861	1.30833281965018	4.35889894354067	2.83907846350861	1.3609765531356	1.33762918913861	-0.0866478067256722	0.661140384424859
CA001.3.b	26	20	CA001	3	b	inv	nut def	CA001.3.b	80	12	15.1	5.6	n	80	5.52	1.486	11.894	10	16.3	5.1	n	NA	10	16	5.4	14	NA	NA	NA	NA	NA	NA	NA	NA	NA	NA	NA		3.16227766016838	2.77258872223978	1.68639895357023	3.16227766016838	2.79116510781272	1.62924053973028	3.46410161513775	2.71469474382088	1.7227665977411	1.708377860289	0.396087946295567	2.4760340712844
GR001.28.f	26	21	GR001	28	f	nat	nut def	GR001.28.f	80	16	18.3	5.6	n	80	5.67	1.23	4.968	13	18.4	4.2	y	NA	9	13.2	3.7	14	NA	NA	NA	NA	NA	NA	NA	NA	NA	NA	NA		3	2.58021682959233	1.30833281965018	3.60555127546399	2.91235066461494	1.43508452528932	4	2.90690105984738	1.7227665977411	1.73518911773966	0.207014169384326	1.60301734463118
TR001.12.e	26	22	TR001	12	e	nat	nut def	TR001.12.e	80	12	18	5.1	n	80	6.62	1.071	4.366	14	18.1	4.6	y	NA	12	14.3	3.4	15	NA	NA	NA	NA	NA	NA	NA	NA	NA	NA	NA		3.46410161513775	2.66025953726586	1.22377543162212	3.74165738677394	2.89591193827178	1.52605630349505	3.46410161513775	2.89037175789616	1.62924053973028	1.89009536994892	0.0685927914656117	1.47384725812775
UA005.13.b	26	23	UA005	13	b	nat	nut def	UA005.13.b	80	17	15	4.2	n	80	7.18	1.754	7.048	17	15.9	4.2	y	NA	15	14.5	3.8	14	NA	NA	NA	NA	NA	NA	NA	NA	NA	NA	NA		3.87298334620742	2.67414864942653	1.33500106673234	4.12310562561766	2.76631910922619	1.43508452528932	4.12310562561766	2.70805020110221	1.43508452528932	1.97129938306013	0.561898893949991	1.95274388863388
RO001.13.g	26	26	RO001	13	g	nat	nut def	RO001.13.g	80	15	19.1	3.7	n	80	6.11	1.718	5.171	15	20.2	3.7	y	NA	8	14.9	3.2	15	NA	NA	NA	NA	NA	NA	NA	NA	NA	NA	NA		2.82842712474619	2.70136121295141	1.16315080980568	3.87298334620742	3.00568260440716	1.30833281965018	3.87298334620742	2.94968833505258	1.30833281965018	1.8099267731835	0.541160823562064	1.64306609341408
GR002.8.g	26	27	GR002	8	g	nat	nut def	GR002.8.g	80	11	13.5	2.6	n	80	6.21	0.826	2.083	10	16.5	3.4	n	NA	7	13.2	2.7	15	NA	NA	NA	NA	NA	NA	NA	NA	NA	NA	NA		2.64575131106459	2.58021682959233	0.993251773010283	3.16227766016838	2.80336038090653	1.22377543162212	3.3166247903554	2.60268968544438	0.955511445027436	1.82616089594539	-0.191160505461159	0.733809162278835
BG001.22.d	26	28	BG001	22	d	nat	nut def	BG001.22.d	80	16	16.9	4	n	80	4.85	1.213	2.72	15	17.5	3.6	y	NA	11	13.2	2.8	15	NA	NA	NA	NA	NA	NA	NA	NA	NA	NA	NA		3.3166247903554	2.58021682959233	1.02961941718116	3.87298334620742	2.86220088092947	1.28093384546206	4	2.82731362192903	1.38629436111989	1.57897870494939	0.193096629961913	1.00063188030791
US014.20.a	26	29	US014	20	a	inv	nut def	US014.20.a	80	18	16.1	5.4	n	80	6.09	2.17	6.204	12	16.3	4.9	y	NA	9	14	4.7	15	NA	NA	NA	NA	NA	NA	NA	NA	NA	NA	NA		3	2.63905732961526	1.54756250871601	3.46410161513775	2.79116510781272	1.58923520511658	4.24264068711928	2.77881927199042	1.68639895357023	1.80664808172181	0.774727167552368	1.82519424531429
UA001.11.e	26	30	UA001	11	e	nat	nut def	UA001.11.e	80	13	14.9	4.3	n	80	5.3	1.371	4.284	12	22.4	4.9	y	NA	9	14.9	3.8	15	NA	NA	NA	NA	NA	NA	NA	NA	NA	NA	NA		3	2.70136121295141	1.33500106673234	3.46410161513775	3.10906095886099	1.58923520511658	3.60555127546399	2.70136121295141	1.45861502269952	1.66770682055808	0.315540400580177	1.4548871525855
US023.26.a	26	32	US023	26	a	inv	nut def	US023.26.a	80	16	17.8	5.8	n	80	5.32	0.515	4.63	12	18.6	5.7	y	NA	9	14.4	4.6	14	NA	NA	NA	NA	NA	NA	NA	NA	NA	NA	NA		3	2.66722820658195	1.52605630349505	3.46410161513775	2.92316158071916	1.7404661748405	4	2.87919845729804	1.75785791755237	1.67147330335355	-0.663588378318401	1.53255686809814
UA004.15.a	26	33	UA004	15	a	nat	nut def	UA004.15.a	80	19	17.8	4.6	n	80	5.89	1.242	3.751	16	18	5.1	y	NA	12	13.4	4.1	16	NA	NA	NA	NA	NA	NA	NA	NA	NA	NA	NA		3.46410161513775	2.59525470695687	1.41098697371026	4	2.89037175789616	1.62924053973028	4.35889894354067	2.87919845729804	1.52605630349505	1.7732559976635	0.216722983511287	1.32202247109975
TR005.20.e	26	34	TR005	20	e	nat	nut def	TR005.20.e	80	6	13.7	3.9	n	80	3.9	0.518	1.885	16	18	4.5	y	NA	8	11.7	2.6	15	NA	NA	NA	NA	NA	NA	NA	NA	NA	NA	NA		2.82842712474619	2.45958884180371	0.955511445027436	4	2.89037175789616	1.50407739677627	2.44948974278318	2.61739583283408	1.3609765531356	1.3609765531356	-0.657780036722654	0.633927820899974
US020.27.a	26	37	US020	27	a	inv	nut def	US020.27.a	80	40	14.2	4.1	n	80	6.23	1.938	10.552	31	15	5.1	y	NA	17	13.1	3.6	14	NA	NA	NA	NA	NA	NA	NA	NA	NA	NA	NA		4.12310562561766	2.57261223020711	1.28093384546206	5.56776436283002	2.70805020110221	1.62924053973028	6.32455532033676	2.65324196460721	1.41098697371026	1.82937633279936	0.661656513468574	2.35631541541501
RO004.12.f	26	38	RO004	12	f	nat	nut def	RO004.12.f	80	14	19	5.2	n	80	7.6	1.193	2.614	19	19.8	3.8	y	NA	14	14.7	1.9	16	NA	NA	NA	NA	NA	NA	NA	NA	NA	NA	NA		3.74165738677394	2.68784749378469	0.641853886172395	4.35889894354067	2.98568193770049	1.33500106673234	3.74165738677394	2.94443897916644	1.64865862558738	2.02814824729229	0.176471143115779	0.96088161520203
RU003.1.c	26	40	RU003	1	c	nat	nut def	RU003.1.c	80	15	16.8	3.2	n	80	5.72	1.408	6.234	13	18.1	4.6	y	NA	11	16.1	4.3	14	NA	NA	NA	NA	NA	NA	NA	NA	NA	NA	NA		3.3166247903554	2.77881927199042	1.45861502269952	3.60555127546399	2.89591193827178	1.52605630349505	3.87298334620742	2.82137888640921	1.16315080980568	1.74396880539171	0.342170257735851	1.83001818134515
UA002.15.a	26	41	UA002	15	a	nat	nut def	UA002.15.a	80	15	18.5	4.5	n	80	6.54	1.274	5.18	13	18.7	4.8	y	NA	9	14.7	4.5	14	NA	NA	NA	NA	NA	NA	NA	NA	NA	NA	NA		3	2.68784749378469	1.50407739677627	3.60555127546399	2.92852352386054	1.56861591791385	3.87298334620742	2.91777073208428	1.50407739677627	1.87793716546911	0.242161557149972	1.64480505627139
UA008.24.a	26	44	UA008	24	a	nat	nut def	UA008.24.a	80	20	14.9	3.2	n	80	5.88	0.966	3.775	14	14.8	3.2	y	NA	NA	NA	NA	15	NA	NA	NA	NA	NA	NA	NA	NA	NA	NA	NA		NA	NA	NA	3.74165738677394	2.69462718077007	1.16315080980568	4.47213595499958	2.70136121295141	1.16315080980568	1.77155676191054	-0.0345914447696191	1.32840038270099
US003.19.h	26	45	US003	19	h	inv	nut def	US003.19.h	80	19	9.9	3.6	n	80	4.72	0.96	2.076	10	11.5	2.9	y	NA	10	10.3	2.9	14	NA	NA	NA	NA	NA	NA	NA	NA	NA	NA	NA		3.16227766016838	2.33214389523559	1.06471073699243	3.16227766016838	2.4423470353692	1.06471073699243	4.35889894354067	2.29253475714054	1.28093384546206	1.55180879959746	-0.0408219945202552	0.730442965303642
US012.28.f	26	46	US012	28	f	inv	nut def	US012.28.f	80	14	12.9	4.1	n	80	5.64	1.056	2.149	12	16	4.4	y	NA	NA	NA	NA	15	NA	NA	NA	NA	NA	NA	NA	NA	NA	NA	NA		NA	NA	NA	3.46410161513775	2.77258872223978	1.48160454092422	3.74165738677394	2.55722731136763	1.41098697371026	1.72988406550997	0.0544881852840698	0.765002617660373
RU004.8.b	26	48	RU004	8	b	nat	nut def	RU004.8.b	80	18	10.6	2.4	n	80	4.88	0.927	2.848	14	14.5	3.5	y	NA	NA	NA	NA	14	NA	NA	NA	NA	NA	NA	NA	NA	NA	NA	NA		NA	NA	NA	3.74165738677394	2.67414864942653	1.25276296849537	4.24264068711928	2.36085400111802	0.8754687373539	1.58514521986506	-0.0758017134162818	1.04661699354973
HU001.5.l	26	49	HU001	5	l	nat	nut def	HU001.5.l	80	24	16.1	3.9	n	80	6.27	1.23	6.81	15	15.9	3.7	y	NA	9	15.7	3.7	15	NA	NA	NA	NA	NA	NA	NA	NA	NA	NA	NA		3	2.75366071235426	1.30833281965018	3.87298334620742	2.76631910922619	1.30833281965018	4.89897948556636	2.77881927199042	1.3609765531356	1.83577635464483	0.207014169384326	1.91839212016142
US002.5.f	27	1	US002	5	f	inv	nut def	US002.5.f	80	13	18.1	4.9	n	80	6.98	1.639	3.392	10	14	4.4	y	NA	14	13.4	2.1	14	NA	NA	NA	NA	NA	NA	NA	NA	NA	NA	NA		3.74165738677394	2.59525470695687	0.741937344729377	3.16227766016838	2.63905732961526	1.48160454092422	3.60555127546399	2.89591193827178	1.58923520511658	1.94304891677428	0.494086299761693	1.22141971792966
GR003.12.a	27	2	GR003	12	a	nat	nut def	GR003.12.a	80	13	27.1	3.2	n	80	6.33	1.29	1.821	14	16.9	2.7	y	NA	8	14.7	2	16	NA	NA	NA	NA	NA	NA	NA	NA	NA	NA	NA		2.82842712474619	2.68784749378469	0.693147180559945	3.74165738677394	2.82731362192903	0.993251773010283	3.60555127546399	3.29953372788566	1.16315080980568	1.84530023615608	0.254642218373581	0.599385800745471
BG001.17.g	27	3	BG001	17	g	nat	nut def	BG001.17.g	80	16	12.4	3.3	n	80	5.66	1.138	2.121	18	14.6	3.7	y	NA	14	13.2	2.4	15	NA	NA	NA	NA	NA	NA	NA	NA	NA	NA	NA		3.74165738677394	2.58021682959233	0.8754687373539	4.24264068711928	2.68102152871429	1.30833281965018	4	2.51769647261099	1.19392246847243	1.73342389221509	0.129272335704139	0.751887675582545
TR001.1.b	27	6	TR001	1	b	nat	nut def	TR001.1.b	80	12	15.2	3.5	n	80	4.8	1.239	2.32	11	17.1	3.6	n	NA	10	14.6	3	15	NA	NA	NA	NA	NA	NA	NA	NA	NA	NA	NA		3.16227766016838	2.68102152871429	1.09861228866811	3.3166247903554	2.83907846350861	1.28093384546206	3.46410161513775	2.72129542785223	1.25276296849537	1.56861591791385	0.214304602647005	0.841567185678219
US003.20.i	27	9	US003	20	i	inv	nut def	US003.20.i	80	14	16.6	3.1	n	80	5.96	1.805	1.863	17	18.8	5.1	y	NA	10	15	2	15	NA	NA	NA	NA	NA	NA	NA	NA	NA	NA	NA		3.16227766016838	2.70805020110221	0.693147180559945	4.12310562561766	2.9338568698359	1.62924053973028	3.74165738677394	2.8094026953625	1.1314021114911	1.78507048107726	0.590560591784844	0.622188091619451
RO004.21.j	27	10	RO004	21	j	nat	nut def	RO004.21.j	80	22	13.4	3.3	n	80	8.09	1.611	1.908	18	17.2	3.4	y	NA	10	13.3	2.3	15	NA	NA	NA	NA	NA	NA	NA	NA	NA	NA	NA		3.16227766016838	2.58776403522771	0.832909122935104	4.24264068711928	2.84490938381941	1.22377543162212	4.69041575982343	2.59525470695687	1.19392246847243	2.0906287310704	0.476855104194837	0.646055573026095
US015.17.b	27	11	US015	17	b	inv	nut def	US015.17.b	80	11	15.6	3.8	n	80	7.07	1.234	2.435	12	14.3	4.4	y	NA	10	15	3.9	14	NA	NA	NA	NA	NA	NA	NA	NA	NA	NA	NA		3.16227766016838	2.70805020110221	1.3609765531356	3.46410161513775	2.66025953726586	1.48160454092422	3.3166247903554	2.74727091425549	1.33500106673234	1.95586047990848	0.210260925483196	0.889946756534553
RO005.14.f	27	12	RO005	14	f	nat	nut def	RO005.14.f	80	13	17.7	4.9	n	82	6.17	1.212	2.75	11	18.6	4.2	y	NA	9	17.2	3.1	16	NA	NA	NA	NA	NA	NA	NA	NA	NA	NA	NA		3	2.84490938381941	1.1314021114911	3.3166247903554	2.92316158071916	1.43508452528932	3.60555127546399	2.87356463957978	1.58923520511658	1.8196988379173	0.192271887647123	1.01160091167848
UA005.18.i	27	13	UA005	18	i	nat	nut def	UA005.18.i	80	14	15.1	4.6	n	82	5.65	1.468	2.417	14	16.4	5.5	y	NA	9	16.2	3.4	14	NA	NA	NA	NA	NA	NA	NA	NA	NA	NA	NA		3	2.78501124223834	1.22377543162212	3.74165738677394	2.79728133483015	1.70474809223843	3.74165738677394	2.71469474382088	1.52605630349505	1.73165554515835	0.383900930192324	0.882527101721346
TR004.27.a	27	15	TR004	27	a	nat	nut def	TR004.27.a	80	10	15.7	3.2	n	82	3.75	0.663	1.02	12	16.3	4.3	y	NA	5	13	3	NA	NA	NA	NA	NA	NA	NA	NA	NA	NA	NA	NA		2.23606797749979	2.56494935746154	1.09861228866811	3.46410161513775	2.79116510781272	1.45861502269952	3.16227766016838	2.75366071235426	1.16315080980568	1.32175583998232	-0.410980288796275	0.0198026272961797
CA001.7.e	27	16	CA001	7	e	inv	nut def	CA001.7.e	80	15	14.4	3.1	n	82	5.67	0.963	2.624	9	14.2	4.1	y	NA	11	13.9	4	14	NA	NA	NA	NA	NA	NA	NA	NA	NA	NA	NA		3.3166247903554	2.63188884013665	1.38629436111989	3	2.65324196460721	1.41098697371026	3.87298334620742	2.66722820658195	1.1314021114911	1.73518911773966	-0.0377018671840115	0.964699871081843
US022.17.d	27	18	US022	17	d	inv	nut def	US022.17.d	80	14	15.6	6.1	n	82	6.33	1.397	3.252	15	15.2	5.2	y	NA	12	13.2	2.5	16	NA	NA	NA	NA	NA	NA	NA	NA	NA	NA	NA		3.46410161513775	2.58021682959233	0.916290731874155	3.87298334620742	2.72129542785223	1.64865862558738	3.74165738677394	2.74727091425549	1.80828877117927	1.84530023615608	0.334327080274825	1.17927019168556
RU003.7.b	27	19	RU003	7	b	nat	nut def	RU003.7.b	80	16	17.5	4.3	n	82	4.6	1.346	4.353	14	18.1	3.6	y	NA	12	15.4	3.5	14	NA	NA	NA	NA	NA	NA	NA	NA	NA	NA	NA		3.46410161513775	2.73436750941958	1.25276296849537	3.74165738677394	2.89591193827178	1.28093384546206	4	2.86220088092947	1.45861502269952	1.52605630349505	0.297137231222536	1.47086526257016
CA008.4.c	27	20	CA008	4	c	inv	nut def	CA008.4.c	80	18	18.5	5.7	n	82	4.95	1.743	2.503	15	18.1	6.7	y	NA	14	14.6	2.5	16	NA	NA	NA	NA	NA	NA	NA	NA	NA	NA	NA		3.74165738677394	2.68102152871429	0.916290731874155	3.87298334620742	2.89591193827178	1.90210752639692	4.24264068711928	2.91777073208428	1.7404661748405	1.5993875765806	0.555607766537884	0.917490012449637
US014.22.c	27	21	US014	22	c	inv	nut def	US014.22.c	80	13	18.8	4.5	n	82	5.42	1.246	2.335	11	17.7	4.8	y	NA	6	15.3	3	16	NA	NA	NA	NA	NA	NA	NA	NA	NA	NA	NA		2.44948974278318	2.72785282839839	1.09861228866811	3.3166247903554	2.87356463957978	1.56861591791385	3.60555127546399	2.9338568698359	1.50407739677627	1.69009581545155	0.219938420365261	0.848011891120861
US001.3.f	27	22	US001	3	f	inv	nut def	US001.3.f	80	19	17.7	5.5	n	82	8.61	2.702	3.781	17	18	6.2	y	NA	14	15.8	4.4	14	NA	NA	NA	NA	NA	NA	NA	NA	NA	NA	NA		3.74165738677394	2.76000994003292	1.48160454092422	4.12310562561766	2.89037175789616	1.82454929205105	4.35889894354067	2.87356463957978	1.70474809223843	2.15292431843964	0.993992239538007	1.3299885249088
RU001.7.a	27	29	RU001	7	a	nat	nut def	RU001.7.a	80	22	14.1	3.6	n	82	7.99	1.511	3.032	15	15	3.5	y	NA	9	11.5	1.9	15	NA	NA	NA	NA	NA	NA	NA	NA	NA	NA	NA		3	2.4423470353692	0.641853886172395	3.87298334620742	2.70805020110221	1.25276296849537	4.69041575982343	2.64617479738412	1.28093384546206	2.07819075977818	0.412771683290602	1.10922246778013
GR002.13.d	27	30	GR002	13	d	nat	nut def	GR002.13.d	80	20	15.1	3.6	n	82	6.47	1.508	2.392	14	16.9	4.6	y	NA	9	13.1	3.3	16	NA	NA	NA	NA	NA	NA	NA	NA	NA	NA	NA		3	2.57261223020711	1.19392246847243	3.74165738677394	2.82731362192903	1.52605630349505	4.47213595499958	2.71469474382088	1.28093384546206	1.86717610851281	0.410784269585764	0.872129836088385
US012.29.h	27	31	US012	29	h	inv	nut def	US012.29.h	80	15	14.1	4.1	n	82	6.74	1.176	2.633	12	18.5	4.5	y	NA	NA	NA	NA	14	NA	NA	NA	NA	NA	NA	NA	NA	NA	NA	NA		NA	NA	NA	3.46410161513775	2.91777073208428	1.50407739677627	3.87298334620742	2.64617479738412	1.41098697371026	1.90805992492422	0.162118849476435	0.968123880514172
GR001.6.f	27	32	GR001	6	f	nat	nut def	GR001.6.f	80	11	16.6	4.3	n	82	5.1	1.233	3.352	8	16.6	5.2	y	NA	8	15	3.5	14	NA	NA	NA	NA	NA	NA	NA	NA	NA	NA	NA		2.82842712474619	2.70805020110221	1.25276296849537	2.82842712474619	2.8094026953625	1.64865862558738	3.3166247903554	2.8094026953625	1.45861502269952	1.62924053973028	0.209450224182207	1.20955718261984
RO003.11.b	27	34	RO003	11	b	nat	nut def	RO003.11.b	80	15	12.4	2.4	n	82	4.47	1.009	3.046	13	14.5	4.8	y	NA	8	11.8	4.1	15	NA	NA	NA	NA	NA	NA	NA	NA	NA	NA	NA		2.82842712474619	2.46809953147162	1.41098697371026	3.60555127546399	2.67414864942653	1.56861591791385	3.87298334620742	2.51769647261099	0.8754687373539	1.49738840862548	0.0089597413714718	1.11382925447297
RU008.17.i	27	35	RU008	17	i	nat	nut def	RU008.17.i	80	17	16.6	4.5	n	82	4.65	NA	3.934	11	15.3	2.2	y	NA	11	13.5	2.4	15	NA	NA	NA	NA	NA	NA	NA	NA	NA	NA	NA		3.3166247903554	2.60268968544438	0.8754687373539	3.3166247903554	2.72785282839839	0.78845736036427	4.12310562561766	2.8094026953625	1.50407739677627	1.53686721959926	NA	1.36965671996687
UA004.27.f	27	36	UA004	27	f	nat	nut def	UA004.27.f	80	20	15.3	5.2	n	82	6.01	1.59	5.381	17	15.4	2.7	y	NA	14	15.5	2.2	14	NA	NA	NA	NA	NA	NA	NA	NA	NA	NA	NA		3.74165738677394	2.7408400239252	0.78845736036427	4.12310562561766	2.73436750941958	0.993251773010283	4.47213595499958	2.72785282839839	1.64865862558738	1.79342474854712	0.46373401623214	1.68287423050728
UA008.18.b	27	38	UA008	18	b	nat	nut def	UA008.18.b	80	16	15.7	4	n	82	5.03	1.37	4.763	11	18.6	3.9	n	NA	8	13.1	3.7	16	NA	NA	NA	NA	NA	NA	NA	NA	NA	NA	NA		2.82842712474619	2.57261223020711	1.30833281965018	3.3166247903554	2.92316158071916	1.3609765531356	4	2.75366071235426	1.38629436111989	1.61541998411165	0.314810739840034	1.56087772181872
UA003.6.g	27	43	UA003	6	g	nat	nut def	UA003.6.g	80	11	17.1	5.4	n	82	5.91	NA	2.136	8	18.5	6.4	y	NA	10	14.6	3.1	14	NA	NA	NA	NA	NA	NA	NA	NA	NA	NA	NA		3.16227766016838	2.68102152871429	1.1314021114911	2.82842712474619	2.91777073208428	1.85629799036563	3.3166247903554	2.83907846350861	1.68639895357023	1.77664583141801	NA	0.758934921097948
RO002.18.c	27	45	RO002	18	c	nat	nut def	RO002.18.c	80	15	15.1	3.9	n	82	5.01	0.804	2.202	NA	NA	NA	NA	NA	9	11.6	1.7	15	NA	NA	NA	NA	NA	NA	NA	NA	NA	NA	NA		3	2.45100509811232	0.53062825106217	NA	NA	NA	3.87298334620742	2.71469474382088	1.3609765531356	1.61143591509677	-0.218156009803171	0.789366038300488
RO001.21.h	27	46	RO001	21	h	nat	nut def	RO001.21.h	80	15	12.2	3.4	n	82	3.38	1.112	3.218	15	14.1	3.2	y	NA	10	12.6	3.1	15	NA	NA	NA	NA	NA	NA	NA	NA	NA	NA	NA		3.16227766016838	2.53369681395743	1.1314021114911	3.87298334620742	2.64617479738412	1.16315080980568	3.87298334620742	2.50143595173921	1.22377543162212	1.21787570949493	0.106160195828391	1.16876004857019
UA002.15.g	27	48	UA002	15	g	nat	nut def	UA002.15.g	80	16	12.2	3.2	n	82	6.74	1.159	4.392	14	16.5	3.7	y	NA	9	14.9	3	14	NA	NA	NA	NA	NA	NA	NA	NA	NA	NA	NA		3	2.70136121295141	1.09861228866811	3.74165738677394	2.80336038090653	1.30833281965018	4	2.50143595173921	1.16315080980568	1.90805992492422	0.147557564357615	1.47978470420723
UA001.18.b	27	49	UA001	18	b	nat	nut def	UA001.18.b	80	23	13.2	4.6	y	82	5.41	1.659	4.624	18	13.6	3.8	y	NA	11	12.1	2.5	15	NA	NA	NA	NA	NA	NA	NA	NA	NA	NA	NA		3.3166247903554	2.4932054526027	0.916290731874155	4.24264068711928	2.61006979274201	1.33500106673234	4.79583152331272	2.58021682959233	1.52605630349505	1.68824909285839	0.506215011208307	1.53126013137008
HU001.14.c	27	50	HU001	14	c	nat	nut def	HU001.14.c	80	17	16.8	4.2	n	82	4.82	1.292	3.531	18	17	4.7	y	NA	13	11.5	4.2	15	NA	NA	NA	NA	NA	NA	NA	NA	NA	NA	NA		3.60555127546399	2.4423470353692	1.43508452528932	4.24264068711928	2.83321334405622	1.54756250871601	4.12310562561766	2.82137888640921	1.43508452528932	1.57277392806251	0.25619140536041	1.26158111694625
RO002.22.a	36	1	RO002	22	a	nat	nut def	RO002.22.a	75	18	12.7	4.5	n	77	4.73	1.229	2.519	15	14	5.9	y	NA	10	13	4.5	15	NA	NA	NA	NA	NA	NA	NA	NA	NA	NA	NA		3.16227766016838	2.56494935746154	1.50407739677627	3.87298334620742	2.63905732961526	1.77495235091167	4.24264068711928	2.54160199346455	1.50407739677627	1.55392520250384	0.206200830583898	0.923861997370473
US003.6.b	36	4	US003	6	b	inv	nut def	US003.6.b	75	9	17.2	5.4	n	77	4.57	1.015	1.757	11	21.4	6.1	y	NA	7	17.5	5	14	NA	NA	NA	NA	NA	NA	NA	NA	NA	NA	NA		2.64575131106459	2.86220088092947	1.6094379124341	3.3166247903554	3.06339092202781	1.80828877117927	3	2.84490938381941	1.68639895357023	1.51951320490611	0.0148886124937506	0.56360780920496
TR005.18.g	36	5	TR005	18	g	nat	nut def	TR005.18.g	75	5	20.1	3.9	n	77	4.37	0.588	0.64	11	21.7	4.6	y	NA	9	14	4.5	15	NA	NA	NA	NA	NA	NA	NA	NA	NA	NA	NA		3	2.63905732961526	1.50407739677627	3.3166247903554	3.07731226054641	1.52605630349505	2.23606797749979	3.00071981506503	1.3609765531356	1.4747630091075	-0.53102833108351	-0.446287102628419
US014.20.b	36	6	US014	20	b	inv	nut def	US014.20.b	75	13	17.3	3.8	n	77	5.41	1.354	3.135	12	17.4	4.6	y	NA	8	15	4.5	14	NA	NA	NA	NA	NA	NA	NA	NA	NA	NA	NA		2.82842712474619	2.70805020110221	1.50407739677627	3.46410161513775	2.85647020622048	1.52605630349505	3.60555127546399	2.85070650150373	1.33500106673234	1.68824909285839	0.303063174490083	1.14262917408488
UA008.13.j	36	7	UA008	13	j	nat	nut def	UA008.13.j	75	9	20.1	5.7	n	77	3.99	0.763	1.84	9	20.5	4.2	y	NA	8	16.5	4.5	15	NA	NA	NA	NA	NA	NA	NA	NA	NA	NA	NA		2.82842712474619	2.80336038090653	1.50407739677627	3	3.02042488614436	1.43508452528932	3	3.00071981506503	1.7404661748405	1.38379123090177	-0.27049724769768	0.609765571620894
UA004.5.d	36	8	UA004	5	d	nat	nut def	UA004.5.d	75	24	18.1	5.3	n	77	8.11	1.827	5.85	18	18.2	4.2	y	NA	13	14	5	16	NA	NA	NA	NA	NA	NA	NA	NA	NA	NA	NA		3.60555127546399	2.63905732961526	1.6094379124341	4.24264068711928	2.90142159408275	1.43508452528932	4.89897948556636	2.89591193827178	1.66770682055808	2.09309786812732	0.60267527739587	1.76644166124377
RU008.19.i	36	9	RU008	19	i	nat	nut def	RU008.19.i	75	13	13.8	4.9	n	77	7.14	1.901	6.781	17	16.6	4.1	y	NA	15	15.7	4.5	14	NA	NA	NA	NA	NA	NA	NA	NA	NA	NA	NA		3.87298334620742	2.75366071235426	1.50407739677627	4.12310562561766	2.8094026953625	1.41098697371026	3.60555127546399	2.62466859216316	1.58923520511658	1.96571277635149	0.642380063506292	1.91412458370171
US020.42.d	36	10	US020	42	d	inv	nut def	US020.42.d	75	11	17.5	4	n	77	5.11	0.956	3.731	12	17.3	3.9	y	NA	7	14.5	4.5	14	NA	NA	NA	NA	NA	NA	NA	NA	NA	NA	NA		2.64575131106459	2.67414864942653	1.50407739677627	3.46410161513775	2.85070650150373	1.3609765531356	3.3166247903554	2.86220088092947	1.38629436111989	1.63119940421561	-0.0449973659307358	1.31667629423902
CA001.3.a	36	11	CA001	3	a	inv	nut def	CA001.3.a	75	21	19.7	5.6	n	77	5.71	1.918	4.702	15	21	6.2	y	NA	14	15.5	5	14	NA	NA	NA	NA	NA	NA	NA	NA	NA	NA	NA		3.74165738677394	2.7408400239252	1.6094379124341	3.87298334620742	3.04452243772342	1.82454929205105	4.58257569495584	2.98061863574394	1.7227665977411	1.74221902366792	0.651282976461246	1.54798795011788
BG001.17.b	36	13	BG001	17	b	nat	nut def	BG001.17.b	75	15	16.2	4	n	77	6.31	1.275	3.38	17	16.8	4.6	y	NA	11	13	3.5	15	NA	NA	NA	NA	NA	NA	NA	NA	NA	NA	NA		3.3166247903554	2.56494935746154	1.25276296849537	4.12310562561766	2.82137888640921	1.52605630349505	3.87298334620742	2.78501124223834	1.38629436111989	1.84213567655312	0.242946178610389	1.21787570949493
GR002.25.a	36	14	GR002	25	a	nat	nut def	GR002.25.a	75	12	18	4.2	n	77	5.64	1.023	3.543	12	18	4.2	y	NA	12	12.5	3	14	NA	NA	NA	NA	NA	NA	NA	NA	NA	NA	NA		3.46410161513775	2.52572864430826	1.09861228866811	3.46410161513775	2.89037175789616	1.43508452528932	3.46410161513775	2.89037175789616	1.43508452528932	1.72988406550997	0.0227394869694893	1.26497382588333
HU001.5.c	36	16	HU001	5	c	nat	nut def	HU001.5.c	77	19	19.1	4.7	n	77	5.66	1.294	2.635	16	19.2	4.4	y	NA	14	17.3	4.5	16	NA	NA	NA	NA	NA	NA	NA	NA	NA	NA	NA		3.74165738677394	2.85070650150373	1.50407739677627	4	2.95491027903374	1.48160454092422	4.35889894354067	2.94968833505258	1.54756250871601	1.73342389221509	0.257738196078709	0.968883181993326
RO001.21.g	36	17	RO001	21	g	nat	nut def	RO001.21.g	77	15	21.4	4.6	n	77	5.7	1.662	2.724	12	21.8	4.8	y	NA	8	18	5.5	16	NA	NA	NA	NA	NA	NA	NA	NA	NA	NA	NA		2.82842712474619	2.89037175789616	1.70474809223843	3.46410161513775	3.08190996979504	1.56861591791385	3.87298334620742	3.06339092202781	1.52605630349505	1.7404661748405	0.508021696433256	1.00210138828727
US026.15.a	36	19	US026	15	a	inv	nut def	US026.15.a	77	20	17.4	6	n	77	5.56	1.465	8.401	14	17.4	4.3	y	NA	7	17	3	14	NA	NA	NA	NA	NA	NA	NA	NA	NA	NA	NA		2.64575131106459	2.83321334405622	1.09861228866811	3.74165738677394	2.85647020622048	1.45861502269952	4.47213595499958	2.85647020622048	1.79175946922805	1.71559810826249	0.381855242469031	2.12835074638271
RO005.15.f	36	22	RO005	15	f	nat	nut def	RO005.15.f	77	22	18.2	3.3	n	77	6.05	1.177	2.157	17	19.5	2.9	y	NA	11	16.9	3.5	15	NA	NA	NA	NA	NA	NA	NA	NA	NA	NA	NA		3.3166247903554	2.82731362192903	1.25276296849537	4.12310562561766	2.9704144655697	1.06471073699243	4.69041575982343	2.90142159408275	1.19392246847243	1.80005827204275	0.16296882827814	0.768718367407019
US018.5.a	36	23	US018	5	a	inv	nut def	US018.5.a	77	21	17.7	5.2	n	77	5.68	1.741	4.071	14	19.3	4.8	y	NA	10	17	5.4	14	NA	NA	NA	NA	NA	NA	NA	NA	NA	NA	NA		3.16227766016838	2.83321334405622	1.68639895357023	3.74165738677394	2.96010509591084	1.56861591791385	4.58257569495584	2.87356463957978	1.64865862558738	1.73695123273306	0.554459660786052	1.40388866952084
CA008.4.j	36	24	CA008	4	j	inv	nut def	CA008.4.j	77	16	21.5	6.1	n	77	7.33	1.64	3.11	15	21.1	5.2	y	NA	11	17.5	6	15	NA	NA	NA	NA	NA	NA	NA	NA	NA	NA	NA		3.3166247903554	2.86220088092947	1.79175946922805	3.87298334620742	3.04927304048202	1.64865862558738	4	3.06805293513362	1.80828877117927	1.99197551589856	0.494696241836107	1.13462272619114
TR004.14.j	36	25	TR004	14	j	nat	nut def	TR004.14.j	77	6	15.6	3	n	77	3.68	0.431	0.285	9	16.9	2.8	y	NA	6	14.5	2.5	15	NA	NA	NA	NA	NA	NA	NA	NA	NA	NA	NA		2.44948974278318	2.67414864942653	0.916290731874155	3	2.82731362192903	1.02961941718116	2.44948974278318	2.74727091425549	1.09861228866811	1.30291275218084	-0.841647188878389	-1.25526609871349
UA003.11A.i	36	26	UA003	11A	i	nat	nut def	UA003.11A.i	77	6	18.7	4.5	n	77	2.82	0.882	1.744	8	22	4.1	y	NA	5	12	3	15	NA	NA	NA	NA	NA	NA	NA	NA	NA	NA	NA		2.23606797749979	2.484906649788	1.09861228866811	2.82842712474619	3.09104245335832	1.41098697371026	2.44948974278318	2.92852352386054	1.50407739677627	1.03673688495002	-0.125563222975346	0.556181325486788
GR003.17.c	36	27	GR003	17	c	nat	nut def	GR003.17.c	77	0	NA	NA	y	77	4.2	2.347	1.915	4	18.7	4	y	40.2	9	15.7	3.8	16	8	18	1	40.2	39	1	40.7	69	1	44.5	46		3	2.75366071235426	1.33500106673234	2	2.92852352386054	1.38629436111989	0	NA	NA	1.43508452528932	0.853137916868886	0.649717622632609
US002.22.h	36	28	US002	22	h	inv	nut def	US002.22.h	77	21	17.2	4.1	n	77	5.71	1.9	4.04	17	17.5	3.9	y	NA	14	15	4	14	NA	NA	NA	NA	NA	NA	NA	NA	NA	NA	NA		3.74165738677394	2.70805020110221	1.38629436111989	4.12310562561766	2.86220088092947	1.3609765531356	4.58257569495584	2.84490938381941	1.41098697371026	1.74221902366792	0.641853886172395	1.39624469197306
RO004.12.i	36	30	RO004	12	i	nat	nut def	RO004.12.i	77	16	18.3	4.1	n	77	7.23	1.417	2.95	16	20.1	3.4	y	NA	13	16	3	14	NA	NA	NA	NA	NA	NA	NA	NA	NA	NA	NA		3.60555127546399	2.77258872223978	1.09861228866811	4	3.00071981506503	1.22377543162212	4	2.90690105984738	1.41098697371026	1.97823903617067	0.348541960708543	1.08180517035173
US015.17.f	36	31	US015	17	f	inv	nut def	US015.17.f	77	18	13.7	5.6	n	77	5.2	1.513	2.754	15	14.1	4.5	y	NA	11	14.7	5.5	14	NA	NA	NA	NA	NA	NA	NA	NA	NA	NA	NA		3.3166247903554	2.68784749378469	1.70474809223843	3.87298334620742	2.64617479738412	1.50407739677627	4.24264068711928	2.61739583283408	1.7227665977411	1.64865862558738	0.414094434806219	1.01305440030646
US001.22.b	36	32	US001	22	b	inv	nut def	US001.22.b	77	12	21.2	6.4	n	77	5.21	1.913	3.759	14	20.6	5.2	y	NA	10	16	5	15	NA	NA	NA	NA	NA	NA	NA	NA	NA	NA	NA		3.16227766016838	2.77258872223978	1.6094379124341	3.74165738677394	3.02529107579554	1.64865862558738	3.46410161513775	3.05400118167797	1.85629799036563	1.65057985576528	0.648672690458116	1.32415296458204
UA005.7.i	36	34	UA005	7	i	nat	nut def	UA005.7.i	77	15	18.4	5.9	n	77	6.05	1.371	3.33	13	18.3	4.6	y	NA	11	18	5.5	16	NA	NA	NA	NA	NA	NA	NA	NA	NA	NA	NA		3.3166247903554	2.89037175789616	1.70474809223843	3.60555127546399	2.90690105984738	1.52605630349505	3.87298334620742	2.91235066461494	1.77495235091167	1.80005827204275	0.315540400580177	1.20297230399235
GR001.6.d	36	35	GR001	6	d	nat	nut def	GR001.6.d	77	12	18.9	5.5	n	77	5.81	1.735	8.152	10	20	5.1	y	NA	9	19	6	14	NA	NA	NA	NA	NA	NA	NA	NA	NA	NA	NA		3	2.94443897916644	1.79175946922805	3.16227766016838	2.99573227355399	1.62924053973028	3.46410161513775	2.9391619220656	1.70474809223843	1.75958057086382	0.551007413398823	2.09826329592042
RU001.7.g	36	37	RU001	7	g	nat	nut def	RU001.7.g	77	14	14.5	4	n	77	5.34	1.038	3.076	16	14.4	6.6	y	NA	12	11.6	4	16	NA	NA	NA	NA	NA	NA	NA	NA	NA	NA	NA		3.46410161513775	2.45100509811232	1.38629436111989	4	2.66722820658195	1.88706964903238	3.74165738677394	2.67414864942653	1.38629436111989	1.6752256529721	0.0372957847436969	1.1236300516434
UA007.19.d	36	39	UA007	19	d	nat	nut def	UA007.19.d	77	18	14.9	4.1	n	77	3.7	0.863	1.589	12	15.2	5.9	y	NA	6	10	2.5	15	NA	NA	NA	NA	NA	NA	NA	NA	NA	NA	NA		2.44948974278318	2.30258509299405	0.916290731874155	3.46410161513775	2.72129542785223	1.77495235091167	4.24264068711928	2.70136121295141	1.41098697371026	1.30833281965018	-0.147340587898709	0.463104887554579
UA006.24.b	36	40	UA006	24	b	nat	nut def	UA006.24.b	77	10	15.2	3.6	n	77	6.25	1.267	3.431	11	20.4	4.1	y	NA	NA	NA	NA	14	NA	NA	NA	NA	NA	NA	NA	NA	NA	NA	NA		NA	NA	NA	3.3166247903554	3.01553490085017	1.41098697371026	3.16227766016838	2.72129542785223	1.28093384546206	1.83258146374831	0.236651901339002	1.23285176387631
RU004.6.d	36	41	RU004	6	d	nat	nut def	RU004.6.d	77	13	17.8	3	n	77	4.12	0.77	2.851	11	18.5	4.1	y	NA	11	15.6	4	14	NA	NA	NA	NA	NA	NA	NA	NA	NA	NA	NA		3.3166247903554	2.74727091425549	1.38629436111989	3.3166247903554	2.91777073208428	1.41098697371026	3.60555127546399	2.87919845729804	1.09861228866811	1.41585316336144	-0.261364764134408	1.04766980993053
RO003.11.c	36	42	RO003	11	c	nat	nut def	RO003.11.c	77	16	9.9	3.4	n	77	4.9	0.773	1.256	12	13.3	2.9	y	NA	10	13	3.5	16	NA	NA	NA	NA	NA	NA	NA	NA	NA	NA	NA		3.16227766016838	2.56494935746154	1.25276296849537	3.46410161513775	2.58776403522771	1.06471073699243	4	2.29253475714054	1.22377543162212	1.58923520511658	-0.257476230394715	0.227932068046007
TR001.10.d	36	43	TR001	10	d	nat	nut def	TR001.10.d	77	14	21	4.3	n	77	5.87	1.288	3.133	13	22.1	4.1	y	NA	11	18.4	5	15	NA	NA	NA	NA	NA	NA	NA	NA	NA	NA	NA		3.3166247903554	2.91235066461494	1.6094379124341	3.60555127546399	3.09557760852371	1.41098697371026	3.74165738677394	3.04452243772342	1.45861502269952	1.76985463384001	0.253090627682162	1.14199101197005
US022.17.c	36	44	US022	17	c	inv	nut def	US022.17.c	77	14	15.1	3.1	n	77	5.63	1.263	3.136	16	19.5	4.3	y	NA	14	18.4	4	14	NA	NA	NA	NA	NA	NA	NA	NA	NA	NA	NA		3.74165738677394	2.91235066461494	1.38629436111989	4	2.9704144655697	1.45861502269952	3.74165738677394	2.71469474382088	1.1314021114911	1.7281094421516	0.233489843368354	1.14294810248816
TR003.24.e	36	45	TR003	24	e	nat	nut def	TR003.24.e	77	8	11.2	2.1	n	77	3.49	0.556	0.636	11	12.8	2.6	y	NA	10	12.1	3.5	16	NA	NA	NA	NA	NA	NA	NA	NA	NA	NA	NA		3.16227766016838	2.4932054526027	1.25276296849537	3.3166247903554	2.54944517092557	0.955511445027436	2.82842712474619	2.41591377830105	0.741937344729377	1.24990173621434	-0.586986984731555	-0.452556715642015
RU005.7.f	36	46	RU005	7	f	nat	nut def	RU005.7.f	77	13	12.5	2.9	n	77	4.05	0.701	1.893	NA	NA	NA	NA	NA	8	14.8	3.5	NA	NA	NA	NA	NA	NA	NA	NA	NA	NA	NA	NA	NA	2.82842712474619	2.69462718077007	1.25276296849537	NA	NA	NA	3.60555127546399	2.52572864430826	1.06471073699243	1.39871688111845	-0.355247391947547	0.638162872227186
RU003.4.a	47	1	RU003	4	a	nat	nut def	RU003.4.a	80	25	16.6	3.6	n	80	5.76	1.349	2.244	21	16.2	3.1	y	NA	NA	NA	NA	15	NA	NA	NA	NA	NA	NA	NA	NA	NA	NA	NA		NA	NA	NA	4.58257569495584	2.78501124223834	1.1314021114911	5	2.8094026953625	1.28093384546206	1.7509374747078	0.299363577225619	0.80825998766045
UA001.22.d	47	4	UA001	22	d	nat	nut def	UA001.22.d	80	16	15.5	3.7	n	80	8	0.986	2.17	15	16.5	4.8	y	NA	9	12.2	2.6	15	NA	NA	NA	NA	NA	NA	NA	NA	NA	NA	NA		3	2.50143595173921	0.955511445027436	3.87298334620742	2.80336038090653	1.56861591791385	4	2.7408400239252	1.30833281965018	2.07944154167984	-0.0140989243795016	0.774727167552368
RO002.15.a	47	5	RO002	15	a	nat	nut def	RO002.15.a	80	14	16.6	3.4	n	80	4.89	1.266	2.144	15	19	3.2	y	NA	11	13.2	3	14	NA	NA	NA	NA	NA	NA	NA	NA	NA	NA	NA		3.3166247903554	2.58021682959233	1.09861228866811	3.87298334620742	2.94443897916644	1.16315080980568	3.74165738677394	2.8094026953625	1.22377543162212	1.58719230348678	0.235862323721984	0.762673243208556
US015.17.h	47	7	US015	17	h	inv	nut def	US015.17.h	80	11	18.1	4.8	n	80	4.61	1.314	1.675	10	20.7	4.3	y	NA	9	17.3	4.1	14	NA	NA	NA	NA	NA	NA	NA	NA	NA	NA	NA		3	2.85070650150373	1.41098697371026	3.16227766016838	3.03013370027132	1.45861502269952	3.3166247903554	2.89591193827178	1.56861591791385	1.52822785700856	0.273075920062419	0.51581316527703
UA002.15.b	47	8	UA002	15	b	nat	nut def	UA002.15.b	80	11	27.5	6.3	n	80	6.06	1.723	2.969	11	27.4	7.2	y	NA	9	24.2	4.6	15	NA	NA	NA	NA	NA	NA	NA	NA	NA	NA	NA		3	3.18635263316264	1.52605630349505	3.3166247903554	3.31054301339402	1.97408102602201	3.3166247903554	3.31418600467253	1.84054963339749	1.80170980008122	0.544066957545793	1.08822519578162
RO001.6.g	47	9	RO001	6	g	nat	nut def	RO001.6.g	80	0	NA	NA	y	80	6.75	2.769	4.088	8	18.6	4.3	y	25	12	17	4.1	14	11	18	1	25	38	1	36.3	69	1	40	57	white	3.46410161513775	2.83321334405622	1.41098697371026	2.82842712474619	2.92316158071916	1.45861502269952	0	NA	NA	1.90954250488444	1.01848624418882	1.4080558529014
RO004.20.i	47	10	RO004	20	i	nat	nut def	RO004.20.i	80	72	13.1	1.9	y	80	5.08	2.02	1.174	18	15.5	2.9	y	NA	11	11.6	2.1	15	69	NA	NA	NA	NA	NA	NA	69	1	37.5	NA		3.3166247903554	2.45100509811232	0.741937344729377	4.24264068711928	2.7408400239252	1.06471073699243	8.48528137423857	2.57261223020711	0.641853886172395	1.62531126159039	0.703097511413113	0.160416721405905
CA008.5.f	47	12	CA008	5	f	inv	nut def	CA008.5.f	80	9	14.2	3.1	n	80	5.8	1.168	1.875	10	20.1	2.8	y	NA	13	15.7	4.2	14	NA	NA	NA	NA	NA	NA	NA	NA	NA	NA	NA		3.60555127546399	2.75366071235426	1.43508452528932	3.16227766016838	3.00071981506503	1.02961941718116	3	2.65324196460721	1.1314021114911	1.75785791755237	0.155292884406035	0.628608659422374
TR003.6.b	47	13	TR003	6	b	nat	nut def	TR003.6.b	80	7	16.2	3.1	n	80	3.16	0.677	0.405	10	21.4	4.1	y	NA	8	14.1	1.8	16	NA	NA	NA	NA	NA	NA	NA	NA	NA	NA	NA		2.82842712474619	2.64617479738412	0.587786664902119	3.16227766016838	3.06339092202781	1.41098697371026	2.64575131106459	2.78501124223834	1.1314021114911	1.15057202759882	-0.390084006069862	-0.903868211875598
CA001.3.f	47	14	CA001	3	f	inv	nut def	CA001.3.f	80	12	20.1	5.2	n	80	4.82	1.371	2.715	10	19.8	6.1	y	NA	10	17.1	4.8	16	NA	NA	NA	NA	NA	NA	NA	NA	NA	NA	NA		3.16227766016838	2.83907846350861	1.56861591791385	3.16227766016838	2.98568193770049	1.80828877117927	3.46410161513775	3.00071981506503	1.64865862558738	1.57277392806251	0.315540400580177	0.998791953385899
UA003.11A.d	47	16	UA003	11A	d	nat	nut def	UA003.11A.d	80	9	24.1	6.3	n	80	5.68	2.039	4.69	11	28	5.1	y	NA	12	20	4.5	14	NA	NA	NA	NA	NA	NA	NA	NA	NA	NA	NA		3.46410161513775	2.99573227355399	1.50407739677627	3.3166247903554	3.3322045101752	1.62924053973028	3	3.18221184049661	1.84054963339749	1.73695123273306	0.712459491592318	1.54543258245819
US021.10.a	47	17	US021	10	a	inv	nut def	US021.10.a	80	13	14.2	3.2	n	80	4.5	1.301	2.391	13	19.3	3.9	y	NA	8	17	4.1	15	NA	NA	NA	NA	NA	NA	NA	NA	NA	NA	NA		2.82842712474619	2.83321334405622	1.41098697371026	3.60555127546399	2.96010509591084	1.3609765531356	3.60555127546399	2.65324196460721	1.16315080980568	1.50407739677627	0.263133199530368	0.871711688476188
RU005.7.d	47	18	RU005	7	d	nat	nut def	RU005.7.d	80	16	21	4.7	n	80	4.75	1.798	2.504	16	20.5	4.5	y	NA	12	16.3	3.2	14	NA	NA	NA	NA	NA	NA	NA	NA	NA	NA	NA		3.46410161513775	2.79116510781272	1.16315080980568	4	3.02042488614436	1.50407739677627	4	3.04452243772342	1.54756250871601	1.55814461804655	0.586674936049429	0.917889453237852
TR001.1.g	47	20	TR001	1	g	nat	nut def	TR001.1.g	80	16	16.5	2.5	n	80	7.74	1.639	2.501	24	20.6	3.8	y	NA	25	16.4	4.2	15	NA	NA	NA	NA	NA	NA	NA	NA	NA	NA	NA		5	2.79728133483015	1.43508452528932	4.89897948556636	3.02529107579554	1.33500106673234	4	2.80336038090653	0.916290731874155	2.04640168760164	0.494086299761693	0.916690651895482
US002.1.i	47	21	US002	1	i	inv	nut def	US002.1.i	80	16	18.9	3.6	n	80	5.81	1.411	1.934	10	14.9	2.2	y	NA	10	14.9	3.1	16	NA	NA	NA	NA	NA	NA	NA	NA	NA	NA	NA		3.16227766016838	2.70136121295141	1.1314021114911	3.16227766016838	2.70136121295141	0.78845736036427	4	2.9391619220656	1.28093384546206	1.75958057086382	0.344298672870677	0.659590397031103
US012.31.h	47	22	US012	31	h	inv	nut def	US012.31.h	80	9	14.4	2.3	n	80	4.2	0.561	0.94	11	19.1	1.8	y	NA	4	10.2	1.2	1	NA	NA	NA	NA	NA	NA	NA	NA	NA	NA	NA		2	2.32238772029023	0.182321556793955	3.3166247903554	2.94968833505258	0.587786664902119	3	2.66722820658195	0.832909122935104	1.43508452528932	-0.578034373459441	-0.0618754037180875
US020.24.b	47	23	US020	24	b	inv	nut def	US020.24.b	80	13	18.5	4.7	n	80	6.22	1.677	5.241	16	18.5	5.4	y	NA	NA	NA	NA	15	NA	NA	NA	NA	NA	NA	NA	NA	NA	NA	NA		NA	NA	NA	4	2.91777073208428	1.68639895357023	3.60555127546399	2.91777073208428	1.54756250871601	1.82776990675109	0.517006482841072	1.65651231982003
RU008.18.e	47	24	RU008	18	e	nat	nut def	RU008.18.e	80	16	17.9	3.1	n	80	7.55	1.924	3.285	22	18.7	4.4	y	NA	13	13.8	4.5	16	NA	NA	NA	NA	NA	NA	NA	NA	NA	NA	NA		3.60555127546399	2.62466859216316	1.50407739677627	4.69041575982343	2.92852352386054	1.48160454092422	4	2.88480071284671	1.1314021114911	2.02154756326093	0.654406352243515	1.18936665193657
US022.23.j	47	25	US022	23	j	inv	nut def	US022.23.j	80	13	15.8	3.4	n	80	4.34	0.924	1.397	11	18	3.6	y	NA	8	13	1.5	16	NA	NA	NA	NA	NA	NA	NA	NA	NA	NA	NA		2.82842712474619	2.56494935746154	0.405465108108164	3.3166247903554	2.89037175789616	1.28093384546206	3.60555127546399	2.76000994003292	1.22377543162212	1.46787434811231	-0.0790432073404529	0.334327080274825
TR005.9.a	47	26	TR005	9	a	nat	nut def	TR005.9.a	80	3	17.4	3.7	n	80	4.38	0.449	0.54	7	20	4.8	y	NA	9	12.3	2.5	14	NA	NA	NA	NA	NA	NA	NA	NA	NA	NA	NA		3	2.50959926237837	0.916290731874155	2.64575131106459	2.99573227355399	1.56861591791385	1.73205080756888	2.85647020622048	1.30833281965018	1.47704872438835	-0.800732391239883	-0.616186139423817
UA004.5.i	47	28	UA004	5	i	nat	nut def	UA004.5.i	80	13	16.9	3.4	n	80	5.38	1.462	1.918	14	19.8	3.1	y	NA	14	16.2	3.6	16	NA	NA	NA	NA	NA	NA	NA	NA	NA	NA	NA		3.74165738677394	2.78501124223834	1.28093384546206	3.74165738677394	2.98568193770049	1.1314021114911	3.60555127546399	2.82731362192903	1.22377543162212	1.68268837417369	0.379805361327587	0.651282976461246
GR001.28.i	47	32	GR001	28	i	nat	nut def	GR001.28.i	80	15	19.7	4.2	n	80	5.74	1.169	3.701	11	19.4	5.2	y	NA	8	16.2	3.7	15	NA	NA	NA	NA	NA	NA	NA	NA	NA	NA	NA		2.82842712474619	2.78501124223834	1.30833281965018	3.3166247903554	2.96527306606928	1.64865862558738	3.87298334620742	2.98061863574394	1.43508452528932	1.74745921033147	0.156148682489931	1.30860305340402
RU004.10.b	47	33	RU004	10	b	nat	nut def	RU004.10.b	80	17	22.4	6.4	n	80	5.92	1.578	2.35	12	22.5	5.6	y	NA	9	17.8	3.9	15	NA	NA	NA	NA	NA	NA	NA	NA	NA	NA	NA		3	2.87919845729804	1.3609765531356	3.46410161513775	3.11351530921037	1.7227665977411	4.12310562561766	3.10906095886099	1.85629799036563	1.77833644889591	0.456158222423683	0.854415328156068
GR003.9.f	47	35	GR003	9	f	nat	nut def	GR003.9.f	80	17	23.6	3.7	n	80	7.56	1.588	3.307	15	22.1	5.1	y	NA	12	19.4	4.6	15	NA	NA	NA	NA	NA	NA	NA	NA	NA	NA	NA		3.46410161513775	2.96527306606928	1.52605630349505	3.87298334620742	3.09557760852371	1.62924053973028	4.12310562561766	3.16124671203156	1.30833281965018	2.02287119019144	0.462475362824944	1.19604143399966
GR002.17.a	47	37	GR002	17	a	nat	nut def	GR002.17.a	80	14	23.1	4.1	n	80	6.17	1.222	2.505	14	23.7	4.8	y	NA	9	21.2	2.3	15	NA	NA	NA	NA	NA	NA	NA	NA	NA	NA	NA		3	3.05400118167797	0.832909122935104	3.74165738677394	3.16547504814109	1.56861591791385	3.74165738677394	3.13983261752775	1.41098697371026	1.8196988379173	0.200488860749404	0.918288734536828
UA005.18.j	47	38	UA005	18	j	nat	nut def	UA005.18.j	80	14	20.5	4.6	n	80	5.39	1.467	5.486	12	20.5	5.2	y	NA	12	17.8	3.8	15	NA	NA	NA	NA	NA	NA	NA	NA	NA	NA	NA		3.46410161513775	2.87919845729804	1.33500106673234	3.46410161513775	3.02042488614436	1.64865862558738	3.74165738677394	3.02042488614436	1.52605630349505	1.68454538492091	0.383219499160845	1.70219939251541
BG001.22.j	47	40	BG001	22	j	nat	nut def	BG001.22.j	80	22	16.5	3	n	80	6.36	1.177	2.17	20	16.3	3	y	NA	14	10.7	2.2	15	NA	NA	NA	NA	NA	NA	NA	NA	NA	NA	NA		3.74165738677394	2.37024374146786	0.78845736036427	4.47213595499958	2.79116510781272	1.09861228866811	4.69041575982343	2.80336038090653	1.09861228866811	1.85002837735203	0.16296882827814	0.774727167552368
HU001.5.k	47	41	HU001	5	k	nat	nut def	HU001.5.k	80	16	17	4.8	n	80	5.39	3	2.403	15	16.6	5.7	y	NA	10	16.1	3.6	15	NA	NA	NA	NA	NA	NA	NA	NA	NA	NA	NA		3.16227766016838	2.77881927199042	1.28093384546206	3.87298334620742	2.8094026953625	1.7404661748405	4	2.83321334405622	1.56861591791385	1.68454538492091	1.09861228866811	0.876717956754332
RO005.23.i	47	43	RO005	23	i	nat	nut def	RO005.23.i	80	16	19	4.7	n	80	6.36	1.661	2.008	11	22	5.7	y	NA	10	18.5	4	14	NA	NA	NA	NA	NA	NA	NA	NA	NA	NA	NA		3.16227766016838	2.91777073208428	1.38629436111989	3.3166247903554	3.09104245335832	1.7404661748405	4	2.94443897916644	1.54756250871601	1.85002837735203	0.507419830631158	0.697139201829483
US001.23.j	47	44	US001	23	j	inv	nut def	US001.23.j	80	15	18.4	5.6	n	80	7.18	1.6	2.536	13	23	5.6	y	NA	14	17.3	3.2	14	NA	NA	NA	NA	NA	NA	NA	NA	NA	NA	NA		3.74165738677394	2.85070650150373	1.16315080980568	3.60555127546399	3.13549421592915	1.7227665977411	3.87298334620742	2.91235066461494	1.7227665977411	1.97129938306013	0.470003629245736	0.930588036574979
RU001.6.d	47	45	RU001	6	d	nat	nut def	RU001.6.d	80	15	14.2	3.6	n	80	4.63	1.04	2.45	14	15.7	3.9	y	NA	11	12.7	2.4	15	NA	NA	NA	NA	NA	NA	NA	NA	NA	NA	NA		3.3166247903554	2.54160199346455	0.8754687373539	3.74165738677394	2.75366071235426	1.3609765531356	3.87298334620742	2.65324196460721	1.28093384546206	1.53255686809814	0.0392207131532813	0.896088024556636
RO003.4.e	47	46	RO003	4	e	nat	nut def	RO003.4.e	80	11	17.2	4.1	n	80	6	1.075	2.281	13	18.6	3.9	y	NA	10	13.2	2.4	14	NA	NA	NA	NA	NA	NA	NA	NA	NA	NA	NA		3.16227766016838	2.58021682959233	0.8754687373539	3.60555127546399	2.92316158071916	1.3609765531356	3.3166247903554	2.84490938381941	1.41098697371026	1.79175946922805	0.0723206615796261	0.824613943302251
TR004.14.f	47	47	TR004	14	f	nat	nut def	TR004.14.f	80	5	13	2.2	n	80	4.2	0.591	0.596	9	20.6	4.2	y	NA	11	15.2	2.8	16	NA	NA	NA	NA	NA	NA	NA	NA	NA	NA	NA		3.3166247903554	2.72129542785223	1.02961941718116	3	3.02529107579554	1.43508452528932	2.23606797749979	2.56494935746154	0.78845736036427	1.43508452528932	-0.525939261576039	-0.517514611916787
US003.19.b	47	48	US003	19	b	inv	nut def	US003.19.b	80	14	16.1	4.1	n	80	5.48	1.805	2.28	13	19.7	4.9	y	NA	14	17.3	3.7	14	NA	NA	NA	NA	NA	NA	NA	NA	NA	NA	NA		3.74165738677394	2.85070650150373	1.30833281965018	3.60555127546399	2.98061863574394	1.58923520511658	3.74165738677394	2.77881927199042	1.41098697371026	1.70110510095992	0.590560591784844	0.824175442966349
RU002.6.a	47	49	RU002	6	a	nat	nut def	RU002.6.a	80	21	16.1	3.5	n	80	5.87	1.424	2.862	21	18.8	5	y	NA	NA	NA	NA	NA	NA	NA	NA	NA	NA	NA	NA	NA	NA	NA	NA		NA	NA	NA	4.58257569495584	2.9338568698359	1.6094379124341	4.58257569495584	2.77881927199042	1.25276296849537	1.76985463384001	0.353469812989784	1.05152068113426
US026.24.i	47	50	US026	24	i	inv	nut def	US026.24.i	80	12	15	4	n	80	4.14	0.726	1.892	9	15.1	3.6	y	NA	NA	NA	NA	15	NA	NA	NA	NA	NA	NA	NA	NA	NA	NA	NA		NA	NA	NA	3	2.71469474382088	1.28093384546206	3.46410161513775	2.70805020110221	1.38629436111989	1.42069578783722	-0.320205264157341	0.637634470629686
RO003.4.c	49	1	RO003	4	c	nat	nut def	RO003.4.c	75	15	17.9	4.1	n	77	5.51	1.982	7.044	17	20.6	4.6	y	NA	12	16.1	2.9	14	NA	NA	NA	NA	NA	NA	NA	NA	NA	NA	NA		3.46410161513775	2.77881927199042	1.06471073699243	4.12310562561766	3.02529107579554	1.52605630349505	3.87298334620742	2.88480071284671	1.41098697371026	1.70656462316482	0.684106435907796	1.95217619063396
RU008.21.h	49	2	RU008	21	h	nat	nut def	RU008.21.h	75	13	18.3	3.8	n	77	5.46	1.677	3.843	17	23.8	4.4	y	NA	12	20	3.8	14	NA	NA	NA	NA	NA	NA	NA	NA	NA	NA	NA		3.46410161513775	2.99573227355399	1.33500106673234	4.12310562561766	3.16968558067743	1.48160454092422	3.60555127546399	2.90690105984738	1.33500106673234	1.69744878975681	0.517006482841072	1.34625331158271
UA003.9A.g	49	5	UA003	9A	g	nat	nut def	UA003.9A.g	75	11	22.8	7.4	n	77	4.45	1.397	3.298	12	22.4	7.2	y	NA	9	16.6	4.2	14	NA	NA	NA	NA	NA	NA	NA	NA	NA	NA	NA		3	2.8094026953625	1.43508452528932	3.46410161513775	3.10906095886099	1.97408102602201	3.3166247903554	3.1267605359604	2.00148000021012	1.49290409617815	0.334327080274825	1.19331622413741
TR001.10.a	49	6	TR001	10	a	nat	nut def	TR001.10.a	75	8	21.3	5.2	n	77	5.92	1.397	2.875	11	22.9	5.7	y	NA	10	17.8	4.6	14	NA	NA	NA	NA	NA	NA	NA	NA	NA	NA	NA		3.16227766016838	2.87919845729804	1.52605630349505	3.3166247903554	3.13113691056019	1.7404661748405	2.82842712474619	3.05870707271538	1.64865862558738	1.77833644889591	0.334327080274825	1.05605267424931
HU001.28.i	49	7	HU001	28	i	nat	nut def	HU001.28.i	75	14	21.9	6.4	n	77	6.53	2.481	4.574	15	20.5	5.9	y	NA	12	18.5	4.6	14	NA	NA	NA	NA	NA	NA	NA	NA	NA	NA	NA		3.46410161513775	2.91777073208428	1.52605630349505	3.87298334620742	3.02042488614436	1.77495235091167	3.74165738677394	3.08648663682246	1.85629799036563	1.87640694328834	0.908661704709664	1.52038809560059
RO001.21.a	49	11	RO001	21	a	nat	nut def	RO001.21.a	75	4	17	3.7	n	77	4.35	1.11	2.168	12	21	4.1	y	NA	9	16.1	2.2	16	NA	NA	NA	NA	NA	NA	NA	NA	NA	NA	NA		3	2.77881927199042	0.78845736036427	3.46410161513775	3.04452243772342	1.41098697371026	2	2.83321334405622	1.30833281965018	1.47017584510059	0.104360015324243	0.7738050835774
GR002.2.f	49	12	GR002	2	f	nat	nut def	GR002.2.f	75	4	15.1	4.3	y	77	6.64	2.535	2.582	15	18.4	4.4	y	12	12	14.7	3.8	14	15	18	1	12	38	1	37.5	69	1	38	32	white	3.46410161513775	2.68784749378469	1.33500106673234	3.87298334620742	2.91235066461494	1.48160454092422	2	2.71469474382088	1.45861502269952	1.89311196348834	0.930193637043147	0.948564292424451
GR001.14.c	49	13	GR001	14	c	nat	nut def	GR001.14.c	75	8	16.4	3.8	n	77	4.22	1.044	2.041	8	16.9	4.5	y	NA	7	14.5	2.9	15	NA	NA	NA	NA	NA	NA	NA	NA	NA	NA	NA		2.64575131106459	2.67414864942653	1.06471073699243	2.82842712474619	2.82731362192903	1.50407739677627	2.82842712474619	2.79728133483015	1.33500106673234	1.43983512804792	0.043059489460447	0.713439883827708
RU004.10.a	49	15	RU004	10	a	nat	nut def	RU004.10.a	75	18	19.8	5.1	n	77	5.48	1.397	3.326	12	19.6	4.1	y	NA	9	16.8	5	14	NA	NA	NA	NA	NA	NA	NA	NA	NA	NA	NA		3	2.82137888640921	1.6094379124341	3.46410161513775	2.97552956623647	1.41098697371026	4.24264068711928	2.98568193770049	1.62924053973028	1.70110510095992	0.334327080274825	1.20177038077074
GR003.10.i	49	16	GR003	10	i	nat	nut def	GR003.10.i	75	10	19.8	4.6	n	77	5.5	1.571	3.268	10	21.1	4.2	y	NA	8	17	4.9	14	NA	NA	NA	NA	NA	NA	NA	NA	NA	NA	NA		2.82842712474619	2.83321334405622	1.58923520511658	3.16227766016838	3.04927304048202	1.43508452528932	3.16227766016838	2.98568193770049	1.52605630349505	1.70474809223843	0.451712359273484	1.18417817699776
TR003.15.c	49	19	TR003	15	c	nat	nut def	TR003.15.c	75	8	18.7	4	n	77	4.36	0.694	1.139	11	18.6	3.8	y	NA	12	16.8	2.1	15	NA	NA	NA	NA	NA	NA	NA	NA	NA	NA	NA		3.46410161513775	2.82137888640921	0.741937344729377	3.3166247903554	2.92316158071916	1.33500106673234	2.82842712474619	2.92852352386054	1.38629436111989	1.47247205736094	-0.365283318475333	0.130150684465045
CA008.2.c	49	20	CA008	2	c	inv	nut def	CA008.2.c	75	15	22.1	4.4	n	77	5.43	1.647	3.257	15	21.9	3.3	n	NA	12	16.8	2.1	16	NA	NA	NA	NA	NA	NA	NA	NA	NA	NA	NA		3.46410161513775	2.82137888640921	0.741937344729377	3.87298334620742	3.08648663682246	1.19392246847243	3.87298334620742	3.09557760852371	1.48160454092422	1.69193913394584	0.498955451195503	1.1808065262941
BG001.22.g	49	21	BG001	22	g	nat	nut def	BG001.22.g	75	19	19.1	5	n	77	5.97	1.257	3.597	20	18.6	5	y	NA	13	13.4	3.8	15	NA	NA	NA	NA	NA	NA	NA	NA	NA	NA	NA		3.60555127546399	2.59525470695687	1.33500106673234	4.47213595499958	2.92316158071916	1.6094379124341	4.35889894354067	2.94968833505258	1.6094379124341	1.78674692740451	0.22872792960811	1.28010016471349
US011.8.i	49	24	US011	8	i	inv	nut def	US011.8.i	75	16	18.2	5.2	n	77	7.01	2.075	3.243	14	21.3	6.5	y	NA	9	17.2	3.6	14	NA	NA	NA	NA	NA	NA	NA	NA	NA	NA	NA		3	2.84490938381941	1.28093384546206	3.74165738677394	3.05870707271538	1.87180217690159	4	2.90142159408275	1.64865862558738	1.9473377010465	0.729961153682662	1.17649882732518
US002.24.d	49	26	US002	24	d	inv	nut def	US002.24.d	75	18	20.3	6	n	77	6.26	1.183	2.148	18	23.3	7.1	y	NA	15	18.3	3.5	15	NA	NA	NA	NA	NA	NA	NA	NA	NA	NA	NA		3.87298334620742	2.90690105984738	1.25276296849537	4.24264068711928	3.14845336057165	1.96009478404727	4.24264068711928	3.01062088604774	1.79175946922805	1.83418018511201	0.16805358499625	0.764537176646618
US001.20.f	49	27	US001	20	f	inv	nut def	US001.20.f	75	18	23.1	7.5	n	77	7.58	2.289	9.607	12	23.2	4.7	y	NA	12	21.7	5.6	14	NA	NA	NA	NA	NA	NA	NA	NA	NA	NA	NA		3.46410161513775	3.07731226054641	1.7227665977411	3.46410161513775	3.14415227867226	1.54756250871601	4.24264068711928	3.13983261752775	2.01490302054226	2.02551319965428	0.82811504097043	2.2624919994276
CA001.2.f	49	28	CA001	2	f	inv	nut def	CA001.2.f	75	13	22.4	5.4	n	77	5.4	1.797	5.288	8	23.1	4	y	NA	12	19.8	4.1	14	NA	NA	NA	NA	NA	NA	NA	NA	NA	NA	NA		3.46410161513775	2.98568193770049	1.41098697371026	2.82842712474619	3.13983261752775	1.38629436111989	3.60555127546399	3.10906095886099	1.68639895357023	1.68639895357023	0.586118607801422	1.66544010254939
US003.20.f	49	29	US003	20	f	inv	nut def	US003.20.f	75	15	17.8	3.3	n	77	6.23	1.805	4.455	12	18.1	3.9	y	NA	11	17.3	4.2	14	NA	NA	NA	NA	NA	NA	NA	NA	NA	NA	NA		3.3166247903554	2.85070650150373	1.43508452528932	3.46410161513775	2.89591193827178	1.3609765531356	3.87298334620742	2.87919845729804	1.19392246847243	1.82937633279936	0.590560591784844	1.49402706092277
US014.4.b	49	31	US014	4	b	inv	nut def	US014.4.b	75	16	15.2	4.2	n	77	4.24	1.119	1.911	14	17.7	2.8	y	NA	6	13	2	14	NA	NA	NA	NA	NA	NA	NA	NA	NA	NA	NA		2.44948974278318	2.56494935746154	0.693147180559945	3.74165738677394	2.87356463957978	1.02961941718116	4	2.72129542785223	1.43508452528932	1.44456326924387	0.112435429329788	0.647626665258136
US015.13.a	49	32	US015	13	a	inv	nut def	US015.13.a	75	12	16.5	4.8	n	77	5.92	1.281	2.979	14	17.6	5.2	y	NA	10	15.6	2.2	14	NA	NA	NA	NA	NA	NA	NA	NA	NA	NA	NA		3.16227766016838	2.74727091425549	0.78845736036427	3.74165738677394	2.86789890204411	1.64865862558738	3.46410161513775	2.80336038090653	1.56861591791385	1.77833644889591	0.247641022914597	1.09158767373115
RO002.15.j	49	35	RO002	15	j	nat	nut def	RO002.15.j	75	14	15.8	3.9	n	77	5.24	1.16	1.796	12	17.3	4.1	y	NA	11	14.1	3.4	15	NA	NA	NA	NA	NA	NA	NA	NA	NA	NA	NA		3.3166247903554	2.64617479738412	1.22377543162212	3.46410161513775	2.85070650150373	1.41098697371026	3.74165738677394	2.76000994003292	1.3609765531356	1.65632149833295	0.148420005118273	0.585561969880008
RO004.3.a	49	36	RO004	3	a	nat	nut def	RO004.3.a	75	15	16.9	3.8	n	77	6.87	1.723	2.878	17	20.2	4.7	y	NA	12	18.1	3.1	14	NA	NA	NA	NA	NA	NA	NA	NA	NA	NA	NA		3.46410161513775	2.89591193827178	1.1314021114911	4.12310562561766	3.00568260440716	1.54756250871601	3.87298334620742	2.82731362192903	1.33500106673234	1.92716410623426	0.544066957545793	1.05709560846518
RU005.11.d	49	39	RU005	11	d	nat	nut def	RU005.11.d	75	23	17.5	4.2	n	77	6.19	1.636	8.638	18	17.1	4	y	NA	11	12.2	2.5	14	NA	NA	NA	NA	NA	NA	NA	NA	NA	NA	NA		3.3166247903554	2.50143595173921	0.916290731874155	4.24264068711928	2.83907846350861	1.38629436111989	4.79583152331272	2.86220088092947	1.43508452528932	1.8229350866965	0.492254238180555	2.15617107453851
TR004.8.b	49	40	TR004	8	b	nat	nut def	TR004.8.b	75	9	18.6	4.1	n	77	4.6	0.932	1.304	8	19.6	3.9	y	NA	10	18.8	4.7	14	NA	NA	NA	NA	NA	NA	NA	NA	NA	NA	NA		3.16227766016838	2.9338568698359	1.54756250871601	2.82842712474619	2.97552956623647	1.3609765531356	3	2.92316158071916	1.41098697371026	1.52605630349505	-0.0704224642965458	0.265436463504461
UA005.7.h	49	42	UA005	7	h	nat	nut def	UA005.7.h	75	13	17.9	6.9	n	77	9.27	1.924	5.885	14	18.1	6.3	y	NA	12	16.3	5.6	15	NA	NA	NA	NA	NA	NA	NA	NA	NA	NA	NA		3.46410161513775	2.79116510781272	1.7227665977411	3.74165738677394	2.89591193827178	1.84054963339749	3.60555127546399	2.88480071284671	1.93152141160321	2.22678337957776	0.654406352243515	1.77240674071224
US022.31.f	49	45	US022	31	f	inv	nut def	US022.31.f	75	15	16.4	4.1	n	77	6.94	1.245	3.122	12	16.9	3.7	y	NA	12	16.4	3	14	NA	NA	NA	NA	NA	NA	NA	NA	NA	NA	NA		3.46410161513775	2.79728133483015	1.09861228866811	3.46410161513775	2.82731362192903	1.30833281965018	3.87298334620742	2.79728133483015	1.41098697371026	1.93730177451871	0.219135529916671	1.13847382209324
TR005.18.j	49	46	TR005	18	j	nat	nut def	TR005.18.j	75	8	16.7	5.5	n	77	4.38	0.928	1.118	9	18.3	4.7	y	NA	9	16	2.5	14	NA	NA	NA	NA	NA	NA	NA	NA	NA	NA	NA		3	2.77258872223978	0.916290731874155	3	2.90690105984738	1.54756250871601	2.82842712474619	2.81540871942271	1.70474809223843	1.47704872438835	-0.0747235461959364	0.111541374732908
RO005.14.a	49	50	RO005	14	a	nat	nut def	RO005.14.a	75	19	17.1	6	n	77	5.51	1.259	3.098	11	16.5	3.5	y	NA	10	16.2	5.7	14	NA	NA	NA	NA	NA	NA	NA	NA	NA	NA	NA		3.16227766016838	2.78501124223834	1.7404661748405	3.3166247903554	2.80336038090653	1.25276296849537	4.35889894354067	2.83907846350861	1.79175946922805	1.70656462316482	0.23031775506221	1.13075674199468
